node_1,node_2
145340,181755
145340,127847
145340,69680
145340,142067
145340,73058
145340,190594
145340,172357
145340,162423
145340,44201
145340,7462
171853,7303
171853,9396
171853,25890
171853,201087
171853,189027
171853,14030
171853,25113
171853,61048
171853,163089
171853,45057
171853,83504
171853,33331
171853,27459
171853,184319
171853,41410
171853,71574
171853,191984
171853,114136
171853,119707
171853,36037
10201,92089
10201,159747
10201,83879
10201,109098
10201,130616
10201,189618
10201,32426
10201,198562
10201,130967
10201,150423
10201,166635
10201,97695
10201,35951
10201,77847
10201,31384
10201,118500
10201,123259
10201,134808
10201,160162
10201,178630
34223,201660
34223,31895
34223,135229
34223,83222
34223,46694
34223,58731
34223,98254
34223,115471
34223,17133
34223,132599
34223,41778
34223,61855
34223,126596
34223,157124
34223,17345
34223,181085
34223,192836
34223,31060
34223,128161
34223,32563
153460,180910
153460,108380
153460,116693
153460,91334
153460,55961
153460,186954
153460,22482
153460,154994
153460,38097
153460,125796
153460,86735
153460,9062
153460,103057
153460,176531
189056,62470
189056,81196
189056,114504
189056,142618
189056,139923
189056,18713
189056,1026
189056,176282
189056,114315
189056,114050
189056,179014
189056,138772
189056,181952
193827,28446
193827,79941
193827,199322
193827,9541
193827,35241
193827,110446
193827,159948
193827,8656
193827,16932
193827,162595
193827,111232
193827,71559
193827,157185
193827,151939
193827,164286
193827,4778
193827,16793
193827,172794
193827,97822
193827,131004
42139,104623
42139,179326
42139,127297
42139,89029
42139,149286
42139,80950
42139,181546
42139,102394
42139,198049
42139,16760
42139,105261
42139,144008
42139,13482
42139,134386
42139,184518
42139,204998
42139,46826
42139,12698
42139,170809
42139,174524
68775,180239
68775,165210
68775,77756
68775,92300
68775,128095
68775,132928
68775,98152
68775,200682
68775,16103
68775,134779
68775,119649
68775,122398
68775,132442
68775,166039
68775,68729
68775,55129
68775,163040
68775,171259
68775,22867
68775,106634
140297,155238
140297,88462
140297,188746
140297,183990
140297,115425
140297,181660
140297,85972
140297,71076
140297,156622
140297,83605
140297,118926
140297,202177
140297,23627
140297,64801
195798,150439
195798,44463
195798,203260
195798,81720
195798,128971
195798,71167
195798,67122
195798,20470
195798,190648
195798,78918
195798,29283
195798,121791
195798,10460
195798,137834
195798,134970
195798,32693
195798,200061
195798,186680
195798,52886
195798,183079
119449,204929
119449,36205
119449,110229
119449,90352
119449,65603
119449,47032
119449,143205
119449,91927
119449,18369
119449,20054
119449,140744
119449,180021
119449,126011
119449,184502
119449,7132
119449,63972
119449,110588
119449,187699
119449,16786
119449,19263
114027,193155
114027,79274
114027,67787
114027,93807
114027,33926
114027,139992
114027,158827
114027,60024
114027,185185
114027,28734
114027,142108
114027,32142
114027,153694
114027,105135
114027,62336
114027,92533
114027,155169
114027,36985
114027,151772
114027,165659
22336,168872
22336,73586
22336,73058
22336,144309
22336,6018
22336,60178
22336,173293
22336,142067
22336,75147
22336,69357
22336,149814
22336,108849
19701,100614
19701,126951
19701,175432
19701,30821
19701,37597
19701,49114
19701,122958
19701,171853
19701,96970
19701,148523
19701,173440
19701,16333
19701,21042
19701,195537
19701,42867
19701,47392
19701,59038
19701,141876
19701,114686
19701,21496
140532,103751
140532,199070
140532,194360
140532,125726
140532,33359
140532,148523
140532,63347
140532,142067
140532,26627
140532,85544
140532,194953
140532,199070
6794,31364
6794,148528
6794,22237
6794,153413
6794,19276
6794,53802
6794,27214
6794,23096
6794,200436
6794,105273
6794,171526
6794,170040
6794,193627
6794,94948
6794,109498
6794,203002
6794,147049
6794,19610
6794,53806
6794,72586
46581,140327
46581,33725
46581,135976
46581,10493
46581,28197
46581,144132
46581,19535
46581,85322
46581,170218
46581,8539
46581,163617
46581,186472
46581,136452
46581,11896
46581,10366
46581,120916
46581,176041
46581,95006
46581,42034
46581,110284
162772,155241
162772,65134
162772,178760
162772,198202
162772,136670
162772,203098
162772,197180
162772,89064
162772,177728
162772,89566
162772,160930
162772,63629
162772,153493
162772,93751
162772,68121
162772,39982
162772,103464
162772,189728
162772,120137
162772,134895
42704,149701
42704,69367
42704,178934
42704,95291
42704,42242
42704,75276
42704,77426
42704,57159
42704,27984
42704,81305
42704,185635
42704,83594
42704,192160
42704,34971
42704,193964
42704,77174
42704,199474
42704,95612
42704,38227
42704,9072
152398,164046
152398,95819
152398,179294
152398,70125
152398,94181
152398,167791
152398,89496
152398,140372
152398,167840
152398,80790
152398,108792
152398,130424
152398,130656
152398,175036
152398,121177
152398,160627
152398,177371
152398,92765
152398,205724
152398,69763
81196,130546
81196,121335
81196,2319
81196,90855
81196,12887
81196,181559
81196,11485
81196,82920
81196,830
81196,173794
81196,61233
81196,10253
81196,154643
81196,148972
81196,164647
81196,143753
81196,104482
81196,63381
81196,112835
81196,197920
68670,144812
68670,107848
68670,111654
68670,7969
68670,29055
68670,193739
68670,66858
68670,75592
68670,181231
68670,12951
68670,239
68670,146128
68670,33543
68670,136869
68670,51788
68670,44451
68670,172351
68670,204310
68670,34909
68670,104770
202126,72174
202126,136060
202126,51806
202126,134339
202126,96678
202126,66702
202126,44752
202126,159638
202126,178309
202126,115488
202126,135305
202126,152112
202126,159042
202126,194977
202126,28142
202126,130514
202126,201635
202126,168339
202126,188034
202126,23421
186336,69827
186336,109390
186336,186954
186336,109993
186336,10663
186336,3393
186336,8607
186336,70952
186336,91334
186336,41201
186336,105454
186336,72260
186336,65714
186336,6869
186336,137672
186336,41548
186336,156754
186336,178186
186336,69656
186336,41201
149805,99625
149805,195762
149805,11449
149805,182365
149805,31114
149805,195798
149805,174028
149805,91334
149805,24594
149805,34223
149805,150084
149805,140180
149805,177123
149805,55881
149805,55223
149805,68670
149805,199645
149805,63659
149805,125529
149805,26261
109373,122737
109373,89683
109373,187289
109373,162628
109373,99614
109373,93256
109373,175106
109373,202514
109373,21574
109373,65705
109373,11095
109373,198450
182365,124498
182365,149646
182365,56427
182365,140189
182365,200615
182365,30823
182365,87605
182365,53317
182365,147094
182365,202660
182365,24906
182365,75893
182365,3426
182365,2686
182365,90171
182365,80524
182365,54178
182365,153090
182365,82715
182365,143101
191289,172357
191289,86854
191289,8607
191289,182502
191289,205354
191289,166298
191289,97221
191289,66566
191289,33359
191289,38310
191289,97221
191289,204128
191289,114455
81921,8386
81921,52856
81921,196830
81921,107598
81921,55440
81921,47281
81921,126707
81921,62869
81921,86045
81921,67626
81921,54166
81921,49465
81921,9201
81921,86942
81921,174037
81921,15453
81921,46414
81921,104300
81921,161652
81921,182955
167342,161329
167342,197914
167342,117407
167342,24216
167342,174372
167342,45038
167342,187696
167342,58859
167342,126320
167342,133616
167342,164539
167342,48639
167342,153
167342,55267
167342,110413
167342,183518
167342,121556
167342,96155
167342,23473
167342,150104
132272,62301
132272,126486
132272,64668
132272,205400
132272,67027
132272,18844
132272,141702
132272,188202
132272,22928
132272,70972
132272,182947
132272,16599
132272,60061
132272,55381
132272,128348
132272,188713
132272,80639
132272,57919
132272,124697
132272,60043
177123,47610
177123,186283
177123,100891
177123,192396
177123,202641
177123,99309
177123,39341
177123,67543
177123,37584
177123,78583
177123,149500
177123,124046
177123,125529
177123,140817
177123,201918
177123,118937
177123,22526
177123,53192
177123,99812
177123,39378
90023,193392
90023,18162
90023,134249
90023,124883
90023,8888
90023,162423
90023,204381
90023,63824
90023,49042
90023,10550
90023,139549
90023,174116
90023,43280
90023,54094
90023,95499
90023,24484
90023,28316
90023,495
90023,179519
90023,72824
178374,158448
178374,28495
178374,157454
178374,139324
178374,202363
178374,63347
178374,37532
178374,46581
178374,196271
178374,189078
178374,163744
178374,132184
178374,125824
178374,169988
178374,48162
178374,131167
178374,143525
178374,109373
178374,176350
178374,50346
157473,138219
157473,188019
157473,96498
157473,164116
157473,142067
157473,152888
157473,4991
157473,12122
157473,103072
157473,194360
157473,158070
157473,202703
157473,182914
157473,182221
157473,164702
157473,95521
157473,66294
157473,164885
157473,39248
157473,118462
122395,112034
122395,14997
122395,104418
122395,136097
122395,155376
122395,155035
122395,102848
122395,146975
122395,153199
122395,136803
122395,186908
122395,75889
122395,27191
122395,171492
122395,83696
122395,43990
122395,117136
122395,105041
122395,64959
122395,35155
149956,2727
149956,133616
149956,179475
149956,70746
149956,17899
149956,93749
149956,71268
149956,117685
149956,147750
149956,365
149956,201125
149956,20803
149956,157007
149956,193948
149956,167033
149956,58515
149956,134823
149956,173171
58770,22578
58770,76406
58770,115506
58770,30823
58770,86854
58770,202514
58770,106005
58770,117563
58770,160325
58770,95561
29580,194030
29580,20660
29580,106714
29580,66310
29580,189069
29580,28232
29580,6770
29580,177566
29580,16194
29580,23939
29580,112125
29580,47731
29580,132360
29580,196018
29580,25344
29580,118768
29580,112887
29580,109690
29580,124263
29580,4637
112415,127254
112415,115796
112415,69357
112415,93749
112415,100710
112415,52783
112415,33359
112415,59903
112415,122308
112415,94412
112415,178516
112415,119028
112415,154601
112415,121924
112415,31337
112415,35744
112415,128182
112415,172706
112415,154134
112415,21542
19377,119449
19377,149559
19377,151071
19377,152641
19377,16886
19377,149209
19377,89562
19377,175964
19377,162772
19377,198142
19377,46127
19377,73606
13982,179439
13982,198631
13982,165801
13982,50694
13982,86199
13982,26384
13982,183328
13982,93749
13982,3671
13982,168476
13982,158475
13982,72238
13982,46896
13982,19453
13982,138216
13982,40164
13982,58076
13982,72211
13982,135271
13982,190519
172098,60406
172098,117607
172098,135588
172098,106874
172098,181377
172098,321
172098,126064
172098,127270
172098,80205
172098,55961
172098,60891
172098,174523
172098,24805
172098,118492
172098,2503
172098,104136
172098,146664
172098,96779
172098,110379
172098,107703
114162,6641
114162,143449
114162,200618
114162,132438
114162,78353
114162,40930
114162,121888
114162,113538
114162,90470
114162,141905
114162,153949
114162,87068
114162,105879
114162,47020
114162,183191
114162,171565
114162,25411
114162,182978
114162,75623
114162,133895
194844,83774
194844,148536
194844,146862
194844,105623
194844,39251
194844,127415
194844,81091
194844,107860
194844,132884
194844,48490
194844,66383
194844,180409
194844,100947
194844,191721
194844,123784
194844,64792
194844,144616
194844,107280
3393,134209
3393,76874
3393,149029
3393,128108
3393,196644
3393,197112
3393,10920
3393,178374
3393,180618
3393,166887
3393,24859
3393,101402
3393,133887
3393,63100
3393,87935
3393,66136
3393,167313
3393,117149
3393,135447
3393,93398
15900,145828
15900,97081
15900,156877
15900,15818
15900,13211
15900,106105
15900,124873
15900,15262
15900,117811
15900,12274
15900,187428
15900,784
15900,97585
15900,124007
15900,30824
15900,127526
15900,141534
15900,31937
15900,204241
15900,182886
156664,148577
156664,21028
156664,115362
156664,165988
156664,52471
156664,169454
156664,83200
156664,19383
156664,127650
156664,157624
156664,150114
156664,22502
156664,89868
156664,57065
156664,154836
156664,154680
156664,103925
156664,113452
156664,48238
156664,62651
104893,189078
104893,63347
104893,8607
104893,10663
104893,142067
104893,86854
104893,51240
104893,38097
104893,91334
104893,168872
151243,153158
151243,190917
151243,192148
151243,81716
151243,103072
151243,91689
151243,16891
151243,188431
151243,76910
151243,34458
151243,139091
25747,74414
25747,199377
25747,138835
25747,41184
25747,155081
25747,83591
25747,39953
25747,156403
25747,177436
25747,32490
25747,12522
25747,55050
25747,45369
25747,49860
25747,155379
25747,34411
25747,14835
25747,92027
25747,173641
25747,67503
39087,176389
39087,103039
39087,10663
39087,143320
39087,131479
39087,147468
39087,13256
39087,23460
39087,27517
39087,71630
39087,125348
39087,186160
39087,285
39087,127581
39087,109235
39087,197068
39087,34809
39087,181878
39087,27365
39087,16587
78835,199802
78835,157686
78835,186310
78835,17443
78835,126016
78835,144001
78835,44473
78835,8604
78835,47384
78835,25301
78835,145915
78835,114369
78835,102776
78835,24823
78835,128691
78835,130861
78835,161465
78835,106090
78835,165084
78835,54334
24594,196923
24594,121152
24594,37584
24594,187200
24594,118956
24594,4542
24594,152570
24594,63668
24594,37426
24594,174799
24594,14790
24594,198994
24594,50733
24594,189392
24594,3167
24594,58288
24594,76303
24594,35644
24594,73807
24594,112561
94067,64438
94067,153293
94067,32299
94067,171777
94067,53372
94067,106989
94067,36942
94067,58041
94067,135472
94067,151041
94067,66260
94067,161519
94067,78701
94067,16542
94067,121862
94067,87729
94067,178653
94067,19265
94067,159864
94067,195757
196271,87810
196271,121406
196271,152061
196271,29671
196271,104687
196271,53238
196271,2702
196271,70275
196271,40379
196271,121048
196271,21857
196271,915
196271,129098
196271,29849
196271,16594
196271,25624
196271,122090
196271,24778
196271,49767
196271,40602
74564,56160
74564,123530
74564,126805
74564,66146
74564,131596
74564,114286
74564,179247
74564,54499
74564,49195
74564,19604
74564,180469
74564,175147
74564,141358
74564,15756
74564,3293
74564,117613
74564,37083
74564,48311
74564,174070
74564,149453
16503,14306
16503,22383
16503,56503
16503,132640
16503,101455
16503,155540
16503,159
16503,119179
16503,150612
16503,145946
16503,167827
16503,135299
16503,71055
16503,14871
16503,162458
16503,80795
16503,55260
16503,51695
16503,88681
16503,179821
63347,3687
63347,107749
63347,29236
63347,137269
63347,190594
63347,136740
63347,154419
63347,106576
63347,67544
63347,41071
63347,117527
63347,41675
63347,4338
63347,36187
63347,66299
63347,51375
63347,51829
63347,193204
63347,136241
63347,65992
85544,143275
85544,167862
85544,185880
85544,158400
85544,193827
85544,138889
85544,13982
85544,94067
85544,9442
85544,200494
85544,149811
85544,58770
85544,118059
85544,112771
85544,149111
85544,188707
85544,197484
85544,118524
85544,44101
85544,139808
79200,148842
79200,10553
79200,203888
79200,53848
79200,6018
79200,93782
79200,80952
79200,192751
79200,159745
79200,25845
79200,66584
79200,42737
79200,69387
79200,85028
79200,2344
79200,147004
79200,2315
79200,2852
79200,18121
79200,54345
159129,65464
159129,90608
159129,162623
159129,194914
159129,28472
159129,76268
159129,44467
159129,39041
159129,20046
159129,204214
159129,124157
159129,173554
159129,143415
159129,125234
159129,114360
159129,107958
159129,17300
159129,117717
159129,187131
159129,73644
200494,189459
200494,29277
200494,80283
200494,93105
200494,97513
200494,165873
200494,100618
200494,115648
200494,65313
200494,26123
200494,167469
200494,28506
200494,89181
200494,871
200494,79297
200494,173318
200494,198671
200494,36087
200494,125361
200494,25176
62346,42904
62346,77900
62346,103837
62346,154647
62346,162100
62346,175006
62346,99578
62346,145863
62346,196887
62346,20484
62346,11400
63659,144909
63659,156823
63659,83919
63659,106503
63659,72529
63659,137585
63659,183982
63659,101623
63659,101454
63659,17823
63659,180614
63659,28937
63659,114419
63659,183171
63659,40834
63659,155187
63659,150648
63659,139980
63659,63344
63659,145136
195952,175405
195952,194531
195952,53719
195952,88184
195952,158688
195952,73028
195952,142556
195952,35768
195952,29272
195952,157477
195952,180511
195952,127531
195952,200442
195952,141744
195952,86995
195952,180151
195952,120734
195952,89780
195952,6935
195952,1001
181277,138862
181277,158369
181277,58088
181277,52984
181277,156461
181277,73708
181277,148063
181277,5036
181277,127821
181277,68736
181277,50047
181277,165423
160003,58820
160003,195638
160003,81505
160003,145947
160003,137162
160003,68560
160003,200326
160003,183992
160003,54926
160003,138669
160003,110478
160003,78996
160003,157808
160003,54159
160003,74094
160003,5996
160003,104634
160003,178557
160003,1979
160003,124830
95745,182152
95745,46283
95745,32167
95745,15900
95745,28096
95745,169025
95745,12284
95745,78113
95745,52179
95745,139002
30632,191119
30632,74733
30632,112653
30632,117700
30632,103794
30632,84004
30632,156933
30632,77703
30632,75013
30632,65431
30632,202594
30632,182326
30632,63355
30632,63069
30632,30803
30632,107271
30632,149419
30632,203743
30632,12643
30632,44588
74668,123724
74668,51252
74668,169708
74668,92239
74668,73637
74668,179267
74668,38478
74668,94410
74668,38549
74668,15563
74668,72073
74668,41059
74668,176387
74668,164719
74668,7459
74668,196304
74668,63965
74668,32269
74668,56671
74668,65263
140678,11151
140678,5421
140678,174258
140678,73586
140678,171853
140678,181637
140678,139995
140678,78256
140678,196473
140678,202514
140678,73118
140678,104198
140678,76807
140678,54891
140678,124699
140678,64873
140678,83378
140678,96729
140678,109723
140678,150144
154803,8917
154803,48870
154803,96188
154803,138862
154803,201432
154803,118890
154803,111267
154803,115526
154803,117755
154803,25641
154803,181328
154803,99175
154803,110648
154803,139928
154803,143885
154803,94985
154803,83055
154803,16748
154803,51800
154803,191608
73606,67500
73606,51138
73606,100829
73606,134102
73606,27303
73606,2901
73606,149367
73606,143517
73606,96094
73606,93038
73606,86922
73606,196820
73606,93812
73606,86874
73606,157421
73606,122579
73606,95444
73606,203680
73606,159784
73606,79104
155228,24807
155228,29060
155228,148188
155228,101104
155228,8073
155228,150572
155228,143687
155228,160244
155228,81226
155228,54841
155228,108093
155228,123044
155228,124606
155228,125020
155228,144133
155228,5635
155228,168367
155228,101871
155228,108045
155228,154116
182638,94214
182638,200560
182638,150444
182638,39837
182638,64839
182638,174687
182638,116693
182638,167599
182638,102127
182638,191166
182638,72637
182638,71223
182638,150501
182638,147071
182638,164604
182638,188936
182638,162246
182638,59584
182638,14419
182638,154566
184635,22902
184635,128568
184635,189917
184635,191654
184635,73564
184635,134347
184635,168198
184635,114533
184635,165359
184635,73399
184635,152616
184635,58070
184635,190846
184635,58867
184635,70626
184635,58760
184635,157564
184635,177923
184635,174169
184635,79840
182152,56967
182152,58178
182152,99767
182152,55557
182152,189229
182152,45083
182152,87998
182152,125675
182152,55593
182152,134717
182152,159918
182152,2586
182152,183958
182152,69224
182152,68556
182152,95276
182152,48044
182152,52348
182152,107232
182152,122048
123215,181631
123215,101081
123215,195572
123215,75275
123215,202053
123215,164822
123215,53373
123215,176026
123215,177205
123215,15889
123215,156466
123215,156196
123215,118188
123215,99495
123215,137411
123215,114263
123215,181145
123215,177706
123215,178229
123215,180776
28495,144510
28495,70224
28495,7790
28495,7462
28495,124308
28495,58775
28495,182403
28495,167566
28495,51240
28495,162134
28495,98018
28495,103032
28495,189930
28495,169943
28495,203860
28495,144716
28495,155628
28495,34335
28495,193456
28495,171665
48135,103830
48135,194989
48135,155975
48135,102971
48135,201873
48135,62385
48135,69357
48135,135176
48135,92630
48135,126610
48135,16916
48135,103830
48135,61872
48135,2796
48135,196518
48135,54155
48135,181504
48135,70694
48135,155975
48135,154693
100612,154156
100612,95408
100612,72321
100612,114371
100612,101448
100612,43058
100612,43711
100612,159222
100612,130659
100612,38553
100612,147431
100612,174236
100612,97366
100612,110614
100612,96248
100612,11753
100612,205143
100612,90194
100612,27161
100612,97645
57570,166852
57570,80464
57570,189185
57570,186224
57570,93752
57570,10259
57570,1751
57570,57502
57570,5618
57570,45153
57570,63329
57570,68628
57570,40619
57570,68298
57570,72591
57570,28657
57570,68051
57570,159939
57570,158461
57570,166734
202363,27228
202363,167342
202363,131264
202363,32574
202363,172357
202363,21023
202363,116632
202363,83744
202363,182276
202363,196150
202363,112908
202363,51293
202363,122380
202363,198976
202363,195107
202363,77070
202363,21981
202363,14007
202363,78648
202363,47848
139002,58957
139002,58603
139002,44421
139002,110405
139002,117979
139002,159416
139002,199178
139002,6644
139002,180928
139002,56135
139002,132646
139002,82204
139002,108733
139002,169444
139002,90690
139002,174587
139002,43551
139002,66007
139002,164477
139002,21448
102751,17363
102751,81974
102751,8607
102751,90425
102751,88475
102751,120744
102751,138566
102751,96506
102751,60405
102751,19182
102751,143090
102751,204822
102751,51112
102751,191595
102751,203827
102751,31908
102751,35016
102751,176689
102751,109724
102751,43860
142067,145033
142067,39617
142067,171853
142067,29580
142067,42704
142067,157886
142067,60406
142067,10941
142067,16503
142067,200176
142067,48135
142067,93868
142067,197077
142067,39087
142067,90023
142067,99145
142067,114027
142067,126000
142067,104893
142067,65202
39617,67127
39617,63446
39617,174307
39617,44364
39617,78102
39617,49824
39617,64755
39617,133043
39617,125834
39617,64820
39617,139369
39617,55096
39617,104011
39617,28432
39617,95545
39617,15326
39617,86278
39617,77839
39617,72373
39617,29982
8632,33359
8632,22482
8632,144510
8632,9396
8632,180687
8632,13388
8632,173293
8632,23739
8632,170824
8632,164805
189078,61849
189078,121396
189078,8607
189078,98844
189078,167004
189078,85305
189078,93257
189078,187489
189078,27014
189078,7201
189078,84010
189078,156983
189078,189768
189078,82070
189078,55200
189078,62756
173293,202822
173293,51489
173293,95320
173293,20991
173293,177952
173293,48758
173293,122115
173293,142389
173293,20047
173293,105511
173293,166350
173293,7620
173293,132746
173293,65192
173293,1892
173293,155274
173293,11434
173293,199739
173293,13871
173293,134857
113414,124103
113414,65821
113414,43909
113414,123674
113414,81323
113414,52358
113414,64161
113414,161712
113414,136391
113414,172874
113414,89843
113414,173939
113414,194475
113414,93551
113414,114130
113414,203601
113414,32157
113414,76852
113414,117047
113414,112111
53136,131860
53136,68862
53136,143452
53136,100209
53136,160860
53136,126799
53136,10161
53136,2775
53136,132422
53136,64178
53136,32335
53136,75861
53136,145377
53136,68616
53136,107910
53136,27280
53136,39858
53136,112030
53136,77375
53136,20860
95320,190515
95320,64416
95320,34155
95320,145234
95320,180292
95320,151031
95320,132451
95320,112848
95320,191629
95320,92268
95320,115078
95320,75782
95320,174632
95320,146449
95320,140183
95320,71493
95320,161984
95320,35367
95320,45596
95320,27689
143275,93269
143275,95805
143275,73119
143275,162510
143275,32848
143275,141723
143275,7962
143275,179427
143275,160831
143275,151999
143275,96179
143275,198842
143275,125576
143275,103163
143275,59433
143275,40544
143275,40882
143275,101613
143275,188842
143275,151518
161692,200112
161692,16620
161692,12829
161692,58251
161692,103100
161692,22327
161692,9952
161692,142067
161692,21574
161692,46961
161692,8515
161692,140797
161692,121857
176700,198815
176700,25277
176700,17425
176700,202042
176700,16695
176700,93059
176700,38921
176700,187175
176700,115832
176700,168734
176700,189663
176700,166754
176700,186459
176700,184238
176700,172903
176700,97568
176700,44669
176700,147242
176700,147970
176700,134660
169025,164180
169025,45737
169025,104829
169025,199255
169025,68095
169025,149044
169025,186090
169025,108675
169025,36230
169025,89525
169025,175667
169025,51989
169025,152336
169025,11193
169025,149865
169025,136009
169025,186489
169025,7813
169025,109523
169025,128278
25516,91334
25516,76239
25516,122548
25516,32221
25516,58060
25516,198859
25516,128658
25516,129090
25516,47100
25516,34456
25516,666
25516,121813
25516,83709
25516,142900
25516,117421
25516,126414
25516,133861
25516,116941
25516,156095
25516,88596
80541,96587
80541,79716
80541,142360
80541,23256
80541,23105
80541,129848
80541,192544
80541,144920
80541,38269
80541,39717
80541,123592
204967,137470
204967,187544
204967,46121
204967,130207
204967,844
204967,17195
204967,27910
204967,188924
204967,203897
204967,176848
204967,3618
204967,40886
204967,93835
204967,45174
204967,56531
204967,172804
204967,185282
204967,190454
204967,122955
204967,57955
149209,126373
149209,22997
149209,46752
149209,81887
149209,185162
149209,79363
149209,167759
149209,201619
149209,70506
149209,105049
149209,17893
149209,59744
149209,205652
149209,136946
149209,66635
149209,164912
149209,64061
149209,82828
149209,151644
149209,111448
116624,159005
116624,75304
116624,127265
116624,93250
116624,18029
116624,55063
116624,14576
116624,177717
116624,79033
116624,62540
116624,168423
116624,35714
116624,42978
116624,66522
116624,201193
116624,139189
116624,171441
116624,89236
116624,29758
116624,93537
174028,97494
174028,169705
174028,63659
174028,132529
174028,129235
174028,65767
174028,65668
174028,11409
174028,172216
174028,39261
174028,38917
174028,139802
174028,1327
174028,101589
174028,45475
174028,28670
174028,14266
174028,6340
174028,44853
174028,110378
60753,63139
60753,17796
60753,141073
60753,185287
60753,86515
60753,20130
60753,40995
60753,95201
60753,141208
60753,26557
60753,89809
60753,141837
60753,64837
60753,29842
60753,56435
60753,177964
60753,74999
60753,188265
60753,54706
60753,95714
127406,137984
127406,131543
127406,91621
127406,164744
127406,55334
127406,187814
127406,59982
127406,144396
127406,122545
127406,78415
127406,137133
127406,198308
127406,55722
127406,117735
127406,127207
127406,147574
127406,205498
127406,181830
127406,34460
127406,102377
167862,197211
167862,201517
167862,145455
167862,7636
167862,175487
167862,151605
167862,171202
167862,156242
167862,62033
167862,135679
167862,133580
167862,124289
167862,78971
167862,103442
167862,98945
167862,66941
167862,18641
167862,14895
167862,42419
167862,156490
162999,133616
162999,175845
162999,10778
162999,139038
162999,61296
162999,161293
162999,39183
162999,104418
162999,30725
162999,160143
162999,45276
162999,147638
162999,63002
162999,166819
162999,190076
162999,132964
162999,52385
162999,17419
162999,128064
162999,54230
130892,136909
130892,62470
130892,81196
130892,91334
130892,75392
130892,80541
130892,181687
130892,100612
130892,85253
130892,5213
130892,181687
28096,136058
28096,57581
28096,161385
28096,160990
28096,19342
28096,133565
28096,178326
28096,15058
28096,52179
28096,147518
28096,103835
28096,116185
28096,199457
28096,193528
28096,116570
28096,59867
28096,81635
28096,104483
28096,18710
28096,148174
48904,10702
48904,46457
48904,24738
48904,49391
48904,122958
48904,72236
48904,173293
48904,194644
48904,51240
48904,18501
48904,130589
48904,11540
48904,69906
48904,189284
48904,8146
48904,51086
48904,136846
48904,27399
48904,98954
48904,41720
52561,94615
52561,60972
52561,158050
52561,83462
52561,185492
52561,118637
52561,177938
52561,108751
52561,145311
52561,71351
52561,43079
52561,140151
52561,104911
52561,19037
52561,94637
52561,43685
52561,69030
52561,37659
52561,177323
52561,110591
186169,72179
186169,39605
186169,69680
186169,160528
186169,185326
186169,70378
186169,18852
186169,162754
186169,18505
186169,140774
186169,8222
186169,81936
186169,146707
186169,121555
186169,108484
186169,203795
186169,196666
186169,895
186169,102126
186169,7807
66617,187624
66617,171467
66617,101230
66617,149756
66617,71747
66617,52938
66617,99657
66617,204610
66617,5220
66617,151085
66617,16123
66617,99384
66617,34044
66617,54376
66617,114515
66617,172851
66617,89147
66617,124466
66617,176602
66617,102108
54459,1911
54459,50463
54459,60657
54459,33222
54459,1528
54459,188097
54459,10278
54459,171896
54459,145441
54459,46391
54459,61167
54459,187540
54459,51594
54459,133125
54459,172623
54459,98317
54459,148046
54459,45537
54459,170623
54459,130347
176350,107118
176350,64886
176350,178374
176350,44189
176350,155426
176350,189379
176350,134896
176350,102174
176350,34161
176350,187947
176350,63858
176350,137770
176350,55578
176350,157195
176350,10222
176350,137023
176350,167048
176350,121531
176350,11642
176350,62480
16932,146280
16932,149927
16932,160390
16932,114773
16932,191196
16932,24257
16932,37145
16932,2113
16932,28909
16932,114420
16932,160760
16932,39575
16932,165426
16932,86907
16932,197871
16932,25604
16932,66586
16932,182397
16932,151024
16932,190304
44101,64873
44101,38310
44101,127254
44101,66558
44101,67427
44101,34696
44101,8607
44101,55463
44101,173293
44101,79993
44101,116892
44101,44966
23435,109407
23435,158808
23435,18862
23435,147246
23435,147389
23435,136041
23435,58815
23435,97922
23435,118563
23435,42645
23435,23396
23435,15333
23435,16814
23435,33951
23435,107887
23435,86853
23435,5230
23435,151970
23435,204907
23435,101637
139324,204577
139324,164713
139324,69094
139324,106481
139324,179678
139324,131070
139324,9150
139324,24046
139324,87687
139324,69093
139324,179995
139324,67201
139324,50684
139324,127547
139324,169963
139324,130648
139324,154844
139324,79320
139324,101876
139324,118863
31695,145076
31695,76546
31695,167862
31695,94412
31695,121139
31695,186732
31695,205449
31695,16866
31695,20349
31695,91904
31695,183356
31695,21347
31695,32838
31695,106526
31695,53265
31695,8487
31695,68713
31695,151495
31695,184601
31695,164084
31114,34449
31114,54612
31114,64426
31114,40643
31114,560
31114,18173
31114,88560
31114,85517
31114,82235
31114,17669
31114,150652
31114,143569
31114,35320
31114,111981
31114,195068
31114,34662
31114,136713
31114,121875
31114,140393
31114,124064
180239,152398
180239,61421
180239,5199
180239,148229
180239,95320
180239,79946
180239,31695
180239,42139
180239,151029
180239,53459
180239,130181
180239,59838
180239,45985
180239,73620
180239,22336
180239,112368
180239,102751
180239,92216
180239,58565
180239,49865
90790,49570
90790,89525
90790,202514
90790,91334
90790,8374
90790,166365
157454,18449
157454,131760
157454,128356
157454,76065
157454,88794
157454,100710
157454,88916
157454,135982
157454,11951
157454,106152
157454,65320
157454,52694
157454,139401
157454,199092
157454,49741
157454,88056
157454,186604
157454,159548
157454,197503
157454,136285
78113,102042
78113,141340
78113,17186
78113,177739
78113,81380
78113,104386
78113,7493
78113,147430
78113,175886
78113,77967
78113,79609
198142,12576
198142,113409
198142,175479
198142,144664
198142,168817
198142,120111
198142,150096
198142,204531
198142,178744
198142,121146
198142,108259
198142,134479
198142,10476
198142,40040
198142,19171
198142,118742
198142,14861
198142,140611
198142,88538
198142,133681
61137,170220
61137,34611
61137,15043
61137,20836
61137,69669
61137,197770
61137,190759
61137,68349
61137,52536
61137,191714
61137,182835
61137,195054
61137,26709
61137,129583
61137,86576
61137,124147
61137,153235
61137,93393
61137,109329
61137,63799
59912,89028
59912,31934
59912,123212
59912,178374
59912,44754
59912,36862
59912,138183
59912,103091
59912,144292
59912,142602
59912,17588
59912,22913
59912,114609
59912,117145
59912,15935
59912,3259
59912,112193
59912,52408
59912,71290
59912,194312
142588,116005
142588,185824
142588,70593
142588,118471
142588,177994
142588,66380
142588,43347
142588,52136
142588,38837
142588,154119
142588,124427
142588,201282
142588,2266
142588,11988
142588,21525
142588,152585
142588,163385
142588,161912
142588,6433
142588,21072
28677,34616
28677,83307
28677,170555
28677,82179
28677,159922
28677,172430
28677,191820
28677,171721
28677,192660
28677,94426
28677,139333
28677,155771
28677,173705
28677,197599
28677,194155
28677,19070
28677,82179
28677,103290
28677,96136
28677,156751
150029,190192
150029,134014
150029,108597
150029,145019
150029,96563
150029,34792
150029,86766
150029,68907
150029,2292
150029,91334
150029,72454
150029,162699
150029,42111
150029,58081
150029,70551
150029,87759
150029,194766
150029,130688
150029,174031
150029,64605
105418,192179
105418,144309
105418,174184
105418,96455
105418,157272
105418,46593
105418,156354
105418,171042
105418,177944
105418,16208
105418,196
105418,106008
105418,74684
105418,135138
105418,13093
105418,72168
105418,161442
105418,32328
105418,177312
105418,134504
183012,20346
183012,149040
183012,125243
183012,30247
183012,193432
183012,40376
183012,58630
183012,129089
183012,147699
183012,39183
183012,160932
183012,56616
183012,161841
183012,23612
183012,147078
183012,81533
183012,21333
183012,150919
183012,167044
183012,137430
190536,114051
190536,142905
190536,106589
190536,3701
190536,43756
190536,128586
190536,167090
190536,6794
190536,5198
190536,18340
190536,146027
190536,32803
190536,9422
190536,19854
190536,49390
190536,53982
190536,23402
190536,19925
190536,59639
190536,131324
26261,184730
26261,114800
26261,46083
26261,18057
26261,40538
26261,164293
26261,151185
26261,159399
26261,102410
26261,179242
26261,100676
26261,182851
26261,10800
26261,11311
26261,98195
26261,51190
26261,109315
26261,106553
26261,30627
26261,104038
194114,98591
194114,196734
194114,45272
194114,168517
194114,180829
194114,140547
194114,5199
194114,20915
194114,174137
194114,187083
194114,120420
194114,7930
194114,87731
194114,165582
194114,52990
194114,192538
194114,17881
194114,195050
194114,20648
194114,183942
11185,15861
11185,115998
11185,1287
11185,37280
11185,67149
11185,108487
11185,136667
11185,86199
11185,153539
11185,142671
11185,202319
11185,28261
11185,57263
11185,39038
11185,169458
11185,8142
11185,153037
11185,102936
11185,65792
11185,177905
116693,182638
116693,23435
116693,59912
116693,129208
116693,120689
116693,162697
116693,3393
116693,52561
116693,184635
116693,84750
116693,194844
116693,145340
116693,186336
116693,179627
116693,90749
116693,153460
116693,15236
116693,84044
116693,26894
116693,3108
37869,171330
37869,143602
37869,138622
37869,108895
37869,95134
37869,99723
37869,72493
37869,5198
37869,23488
37869,3627
37869,142571
37869,87731
37869,140448
37869,107747
37869,79632
37869,161534
37869,109433
37869,6787
37869,114212
37869,88404
194644,68697
194644,90801
194644,117593
194644,27271
194644,170951
194644,109692
194644,37680
194644,139634
194644,42805
194644,130946
194644,8383
194644,107430
194644,205098
194644,14325
194644,14305
194644,65186
194644,33242
194644,157246
194644,204239
194644,168002
158400,26124
158400,149420
158400,38584
158400,183772
158400,94280
158400,41075
158400,85364
158400,163093
158400,148888
158400,146529
158400,9552
158400,33366
158400,50476
158400,143430
158400,191681
158400,124274
158400,142159
158400,16335
158400,102137
158400,40189
79946,169063
79946,272
79946,161277
79946,49412
79946,67286
79946,16576
79946,108639
79946,8349
79946,173513
79946,189314
79946,195575
79946,166463
79946,111924
79946,18623
79946,71459
79946,184786
79946,23532
79946,31392
79946,66321
79946,59035
9442,21111
9442,64807
9442,77107
9442,116712
9442,53306
9442,88033
9442,153753
9442,59719
9442,136484
9442,102501
9442,2186
9442,205016
9442,101836
9442,145108
9442,91678
9442,140061
9442,136327
9442,86814
9442,98597
9442,22085
159046,31747
159046,99174
159046,176495
159046,15556
159046,26474
159046,53189
159046,159687
159046,177359
159046,1472
159046,22558
159046,41051
159046,98443
159046,65335
159046,38788
159046,195415
159046,34681
159046,199901
159046,57604
159046,158638
159046,189716
150084,171341
150084,184913
150084,71547
150084,95899
150084,45488
150084,579
150084,170498
150084,107840
150084,88047
150084,90764
150084,199877
150084,137992
150084,185396
150084,34252
150084,1284
150084,122273
150084,146786
150084,5942
150084,50018
150084,67343
120677,55750
120677,159772
120677,28980
120677,76572
120677,190027
120677,167081
120677,64070
120677,89196
120677,92582
120677,175432
120677,56973
120677,194675
120677,35534
120677,111236
120677,131566
120677,875
120677,36030
120677,198506
120677,59816
120677,189358
179627,94679
179627,102499
179627,54220
179627,78292
179627,33927
179627,55125
179627,141780
179627,120598
179627,2649
179627,59861
179627,165018
179627,47854
179627,125477
179627,157162
179627,72557
179627,27413
179627,90998
179627,103090
179627,182680
179627,176728
10941,105415
10941,35709
10941,54153
10941,41498
10941,63663
10941,63184
10941,105556
10941,181802
10941,105708
10941,90603
10941,31563
10941,4112
10941,9124
10941,101597
10941,14710
10941,17901
10941,126716
10941,113553
10941,144754
10941,68510
15639,21123
15639,88779
15639,16848
15639,186174
15639,83964
15639,39776
15639,56021
15639,10691
15639,15073
15639,107476
15639,100226
15639,86563
15639,91172
15639,38833
15639,190865
15639,118438
15639,99975
15639,144591
15639,27101
15639,168458
200176,172775
200176,45717
200176,72576
200176,126193
200176,172649
200176,110188
200176,173780
200176,170184
200176,144510
200176,31605
200176,201851
200176,126600
200176,96874
200176,110093
200176,16930
200176,48716
200176,157071
200176,117915
200176,122081
200176,141124
199645,6989
199645,109777
199645,22248
199645,144706
199645,156485
199645,35226
199645,165910
199645,98619
199645,160620
199645,27729
199645,4696
199645,90752
199645,38454
199645,71026
199645,94964
199645,145686
199645,143368
199645,39929
199645,197201
199645,32874
139808,15202
139808,190005
139808,100405
139808,16517
139808,194360
139808,42574
139808,142191
139808,114683
139808,72348
139808,54598
28341,140866
28341,153199
28341,169537
28341,62470
28341,48292
28341,76910
28341,80248
28341,183838
28341,59868
28341,42667
28341,10237
28341,50360
28341,51153
28341,112836
28341,161722
28341,119993
28341,162292
28341,136826
28341,149482
28341,113141
149559,198813
149559,56586
149559,4083
149559,177577
149559,143360
149559,166873
149559,51873
149559,110968
149559,28034
149559,55656
149559,175079
149559,182535
149559,101847
149559,158105
149559,144002
149559,118311
149559,170882
149559,68418
149559,15391
149559,177843
93868,124935
93868,9727
93868,66370
93868,123787
93868,151365
93868,77028
93868,126641
93868,18535
93868,111859
93868,199153
93868,47973
93868,141118
93868,107658
93868,18358
93868,187608
93868,34115
93868,178193
93868,183909
93868,42860
93868,188111
203162,11223
203162,187835
203162,112273
203162,81325
203162,80541
203162,127864
203162,153768
203162,179750
203162,22452
203162,84835
203162,131254
203162,1610
203162,13998
203162,5733
203162,188808
203162,169720
203162,196158
203162,54642
203162,192974
203162,177855
12284,109732
12284,115744
12284,92313
12284,84788
12284,197877
12284,24522
12284,20847
12284,137804
12284,70391
12284,71372
12284,32112
12284,70914
12284,105922
12284,99927
12284,51660
12284,142266
12284,147953
12284,182396
12284,49190
12284,114566
23880,14772
23880,137977
23880,116927
23880,52631
23880,24128
23880,60758
23880,95304
23880,131831
23880,141112
23880,122358
23880,3083
158448,132190
158448,153756
158448,68354
158448,29600
158448,94425
158448,144510
158448,71131
158448,161251
158448,135588
158448,137130
158448,90150
158448,153416
158448,107251
158448,53049
158448,204857
158448,88249
158448,205138
158448,72208
158448,11536
158448,48974
136909,179610
136909,43912
136909,182061
136909,134503
136909,159046
136909,79143
136909,77017
136909,66617
136909,16932
136909,155228
136909,151243
136909,58684
136909,79200
136909,130892
136909,150029
136909,98954
136909,143130
136909,144168
136909,90641
136909,195952
61421,142193
61421,43827
61421,118782
61421,158261
61421,187715
61421,69121
61421,171629
61421,183920
61421,31664
61421,16318
61421,78849
61421,27023
61421,138857
61421,189807
61421,30308
61421,177363
61421,116337
61421,113981
61421,81864
61421,86950
49570,67285
49570,103563
49570,66519
49570,26064
49570,36127
49570,8058
49570,122682
49570,59895
49570,35959
49570,62674
49570,107492
49570,28295
49570,13707
49570,100339
49570,179487
49570,8961
49570,61284
49570,125906
49570,126515
49570,67311
168254,78835
168254,114162
168254,158369
168254,81921
168254,181277
168254,154803
168254,142588
168254,56498
168254,130219
168254,125246
168254,74564
168254,151608
141271,70502
141271,159426
141271,26871
141271,11582
141271,116678
141271,89715
141271,180790
141271,159219
141271,41696
141271,29776
141271,88110
141271,172596
141271,190075
141271,15614
141271,103439
141271,155852
141271,50742
141271,132922
141271,118749
141271,43386
185880,26869
185880,66349
185880,124571
185880,168015
185880,82279
185880,31306
185880,95202
185880,159556
185880,139834
185880,49293
185880,92222
185880,190543
185880,22089
185880,74603
185880,53906
185880,177153
185880,107890
185880,110136
185880,133214
185880,189433
152641,96118
152641,202514
152641,49095
152641,70588
152641,3926
152641,92594
152641,58115
152641,184087
152641,119478
152641,76732
152641,88600
152641,125597
152641,21106
152641,37915
152641,105964
152641,169017
152641,77076
152641,156334
152641,172304
152641,141286
158369,323
158369,109628
158369,136907
158369,164220
158369,201250
158369,152231
158369,34641
158369,50948
158369,74871
158369,75410
158369,8629
158369,41478
158369,153859
158369,117726
158369,2364
158369,117229
158369,174392
158369,50342
158369,112902
158369,23007
132184,190741
132184,185260
132184,161253
132184,79122
132184,119432
132184,167364
132184,121985
132184,76339
132184,203897
132184,157670
132184,164717
132184,32964
132184,204858
132184,188912
132184,109413
132184,198372
132184,119570
132184,166505
132184,132745
132184,170155
10246,167092
10246,140478
10246,56100
10246,98917
10246,149633
10246,197193
10246,54784
10246,52224
10246,190823
10246,155468
10246,101662
10246,204825
10246,194773
10246,51378
10246,174174
10246,200424
10246,93764
10246,120571
10246,91897
10246,153879
28421,144863
28421,139540
28421,86521
28421,145054
28421,78900
28421,10851
28421,5822
28421,62777
28421,178246
28421,18330
28421,72555
28421,62433
28421,87762
28421,165053
28421,61462
28421,14656
28421,6140
28421,80147
28421,10393
28421,76271
129131,8432
129131,61224
129131,89520
129131,101860
129131,50596
129131,165384
129131,171578
129131,81753
129131,57570
129131,155012
129131,11234
129131,140599
129131,197923
129131,41009
129131,95275
129131,9898
129131,10713
129131,57358
129131,45296
129131,26037
11449,148106
11449,154923
11449,32015
11449,158115
11449,37444
11449,154554
11449,148229
11449,121823
11449,193014
11449,94391
11449,200700
11449,6145
11449,179744
11449,89827
11449,196342
11449,167948
11449,14219
11449,72490
11449,182973
11449,74652
145306,106
145306,73028
145306,37541
145306,8607
145306,189078
145306,78198
145306,47496
145306,124409
145306,168872
145306,91334
145306,43398
145306,107703
46127,110812
46127,70457
46127,131455
46127,59601
46127,3437
46127,97887
46127,202894
46127,24638
46127,69383
46127,24882
46127,82388
46127,28531
46127,82305
46127,145827
46127,200704
46127,128737
46127,121427
46127,83927
46127,123001
46127,121105
89562,13889
89562,46112
89562,94991
89562,186142
89562,93950
89562,131196
89562,194575
89562,67305
89562,112350
89562,160940
89562,118959
89562,35855
89562,56115
89562,19740
89562,124485
89562,81496
89562,141768
89562,93385
89562,118378
89562,63245
167652,54750
167652,96412
167652,189316
167652,200205
167652,74387
167652,76644
167652,127707
167652,16277
167652,13472
167652,200267
167652,14727
167652,40385
167652,122801
167652,131572
167652,108362
167652,43798
167652,67657
167652,180260
167652,111115
167652,107709
151608,14227
151608,94709
151608,94322
151608,78032
151608,114268
151608,105319
151608,23967
151608,169718
151608,155680
151608,93135
151608,11463
151608,186508
151608,142483
151608,27266
151608,61098
151608,130772
151608,165039
151608,114460
151608,164448
151608,117346
58565,205565
58565,189017
58565,63347
58565,45108
58565,164805
58565,28903
58565,147168
58565,183378
58565,205718
58565,116091
58565,43110
58565,6630
58565,191121
58565,83803
58565,107471
58565,116369
58565,106956
58565,26220
58565,95918
58565,40240
148229,193401
148229,193658
148229,99685
148229,162758
148229,181555
148229,20795
148229,101208
148229,137471
148229,60465
148229,20447
148229,170256
148229,193619
148229,155557
148229,136099
148229,170159
148229,18873
148229,13026
148229,12244
148229,113821
148229,183268
140180,153471
140180,33723
140180,203085
140180,11514
140180,69942
140180,187976
140180,65957
140180,124191
140180,106563
140180,117108
140180,89335
140180,154171
140180,79150
140180,161937
140180,183744
140180,37210
140180,132696
140180,41229
140180,58151
140180,128943
134503,120884
134503,110822
134503,42930
134503,3518
134503,109600
134503,74695
134503,33549
134503,183487
134503,124595
134503,144309
134503,127210
134503,32716
134503,155561
134503,180348
134503,50722
134503,140950
134503,44424
134503,19510
134503,189032
134503,9878
179610,28854
179610,46584
179610,6305
179610,156425
179610,179052
179610,161410
179610,125857
179610,146591
179610,35134
179610,165299
179610,178387
179610,148843
179610,67239
179610,162800
179610,18653
179610,174319
179610,24270
179610,121017
179610,44370
179610,30009
144480,117549
144480,144401
144480,147674
144480,90000
144480,157397
144480,198552
144480,61806
144480,145033
144480,124203
144480,197998
144480,190352
144480,87434
144480,141163
144480,31335
144480,31749
144480,103023
144480,74968
144480,182860
144480,4638
144480,59158
73620,152076
73620,119078
73620,86854
73620,199414
73620,193351
73620,78074
73620,28022
73620,12829
73620,51459
73620,9396
73620,120683
73620,127711
73620,933
73620,27398
111721,89355
111721,109423
111721,179823
111721,8607
111721,100561
111721,52061
111721,73058
111721,114380
111721,19483
111721,81974
111721,107909
104981,168784
104981,176132
104981,57865
104981,127398
104981,79787
104981,114187
104981,145830
104981,38995
104981,142324
104981,119722
104981,149454
104981,73456
104981,7729
104981,63745
104981,133609
104981,43235
104981,110749
104981,174706
104981,121952
104981,172564
125799,72604
125799,44201
125799,89683
125799,10171
125799,191245
125799,157199
125799,9396
125799,76781
125799,25890
125799,19182
125799,72369
125799,101658
125799,87844
125799,122459
125799,180936
125799,53435
125799,45634
143209,204026
143209,202126
143209,91334
143209,60753
143209,33649
143209,104981
143209,30632
143209,11244
143209,123215
143209,164464
143209,151608
98954,37372
98954,152475
98954,11819
98954,93560
98954,170071
98954,114365
98954,107173
98954,70367
98954,117563
98954,116718
98954,190283
98954,17856
98954,188913
98954,136368
98954,111118
98954,152922
98954,35506
98954,74904
98954,189391
98954,19812
49865,91334
49865,188402
49865,180319
49865,164583
49865,73586
49865,168872
49865,122308
49865,60178
49865,47496
49865,189078
49865,140861
49865,127485
49865,100818
79143,36449
79143,158355
79143,50241
79143,39239
79143,136702
79143,24307
79143,82973
79143,60640
79143,99770
79143,129036
79143,56449
79143,194679
79143,157403
79143,133369
79143,109548
79143,81291
79143,28394
79143,56940
79143,65276
79143,15635
93160,176742
93160,158806
93160,108014
93160,200575
93160,205333
93160,148080
93160,18501
93160,35072
93160,106982
93160,197609
93160,17250
93160,74540
93160,155151
93160,92852
93160,144885
93160,162708
93160,137452
93160,195813
93160,100326
93160,157749
53459,41819
53459,185291
53459,13551
53459,131001
53459,191260
53459,182497
53459,129772
53459,117873
53459,107177
53459,151064
53459,9369
53459,6474
53459,171956
53459,121230
53459,65770
53459,144710
53459,96620
53459,184784
53459,123374
53459,62513
37647,127406
37647,154470
37647,15243
37647,96912
37647,57570
37647,193699
37647,91334
37647,111606
37647,25747
37647,160003
37647,159129
37647,129131
37647,23697
37647,28677
37647,161367
130219,60167
130219,84928
130219,152232
130219,93891
130219,179735
130219,88204
130219,69086
130219,112409
130219,132948
130219,100242
130219,118175
130219,166589
130219,66914
130219,5970
130219,157831
130219,114194
130219,177818
130219,181401
130219,82999
130219,169355
111606,21740
111606,162491
111606,6957
111606,199120
111606,174610
111606,73265
111606,163597
111606,34464
111606,104619
111606,178874
111606,120562
111606,124551
111606,196902
111606,155162
111606,174725
111606,153972
111606,136269
111606,184347
111606,67346
111606,200106
96915,34859
96915,126993
96915,198613
96915,6700
96915,177427
96915,62864
96915,167660
96915,64659
96915,18252
96915,142221
96915,75091
96915,14045
96915,43802
96915,146463
96915,47721
96915,10388
96915,20691
96915,162580
96915,69209
96915,106817
149111,109458
149111,3425
149111,19957
149111,24199
149111,128459
149111,165733
149111,68939
149111,98493
149111,9792
149111,2818
149111,61182
149111,11152
149111,205312
149111,83508
149111,76894
149111,205137
149111,149947
149111,98493
149111,29470
149111,127737
143119,37591
143119,115307
143119,32476
143119,101003
143119,186622
143119,38256
143119,193198
143119,55386
143119,121269
143119,182671
143119,125156
143119,17806
143119,18781
143119,193198
169988,177906
169988,104418
169988,133616
169988,194114
169988,59588
169988,54049
169988,27627
169988,66180
169988,86032
169988,72219
184001,12122
184001,36539
184001,152398
184001,8607
184001,62472
184001,42805
184001,46663
184001,164583
184001,74202
184001,160325
59838,180239
59838,107118
59838,7972
59838,5807
59838,203287
59838,2181
59838,41247
59838,189078
59838,72604
59838,115724
59838,29441
59838,115724
59838,52784
59838,136491
99625,131268
99625,61958
99625,89918
99625,20850
99625,9559
99625,114989
99625,2830
99625,36320
99625,3854
99625,29896
115921,193229
115921,103492
115921,80929
115921,63755
115921,10054
115921,155120
115921,67579
115921,38421
115921,143908
115921,173765
115921,171237
115921,53290
115921,178898
115921,179725
115921,73534
115921,83384
115921,48556
115921,34821
115921,204110
115921,74559
17837,83875
17837,140905
17837,36718
17837,120008
17837,30751
17837,47539
17837,204305
17837,25506
17837,77214
17837,11349
17837,170457
17837,175597
17837,175485
17837,5201
17837,43830
17837,167996
17837,61159
17837,28212
17837,170990
17837,56775
186309,73794
186309,180743
186309,32247
186309,18001
186309,69392
186309,89651
186309,98122
186309,185121
186309,135474
186309,158152
186309,58973
186309,182324
186309,80233
186309,156924
186309,104437
186309,7882
186309,148844
186309,191136
186309,77440
186309,198987
104651,165802
104651,10818
104651,97979
104651,134138
104651,2979
104651,47960
104651,119579
104651,171242
104651,165804
104651,173972
104651,112754
104651,96336
104651,68201
104651,160999
104651,129789
104651,131184
104651,71631
104651,176735
104651,200407
104651,146580
190898,96604
190898,61969
190898,175955
190898,105023
190898,60189
190898,175457
190898,159134
190898,87182
190898,145670
190898,82131
190898,168934
190898,164328
190898,19189
190898,74609
190898,14400
190898,189947
190898,8409
190898,89105
190898,193702
190898,135556
50800,124681
50800,153015
50800,92769
50800,145405
50800,120519
50800,170898
50800,147310
50800,157814
50800,33149
50800,146069
50800,196022
50800,147636
50800,191880
50800,174361
50800,148440
50800,84919
50800,154223
50800,89364
50800,189410
50800,95198
160282,123906
160282,111659
160282,77062
160282,86644
160282,114658
160282,29388
160282,163554
160282,151948
160282,172770
160282,92026
160282,8479
160282,28732
160282,165245
160282,135364
160282,166884
160282,58011
160282,130071
160282,80058
160282,167785
160282,24909
115436,120591
115436,182534
115436,50436
115436,112202
115436,160282
115436,92415
115436,176665
115436,38935
115436,64751
115436,105133
115436,182178
115436,59796
115436,61738
115436,67106
115436,47386
115436,157209
115436,200513
115436,15134
115436,168906
29193,6472
29193,120501
29193,103704
29193,34528
29193,17485
29193,163829
29193,55938
29193,5770
29193,73493
29193,144529
29193,93888
29193,204219
29193,160754
29193,46841
29193,26682
29193,7095
29193,151465
29193,83447
29193,103836
29193,159652
160228,93866
160228,134742
160228,89829
160228,181567
160228,163283
160228,204418
160228,193843
160228,48870
160228,7072
160228,22067
160228,36495
160228,170582
160228,50566
160228,111
160228,154306
160228,39511
160228,74488
160228,13587
160228,120005
160228,72765
55234,99853
55234,39011
55234,105640
55234,46950
55234,47975
55234,39409
55234,156929
55234,94522
55234,159869
55234,183574
55234,13663
55234,83925
55234,69151
55234,160668
55234,81619
55234,190602
55234,183124
55234,24222
55234,83454
55234,84170
8525,48910
8525,48109
8525,30364
8525,127302
8525,9414
8525,16502
8525,25079
8525,198128
8525,140342
8525,112619
8525,129589
8525,57120
8525,67317
8525,135204
8525,203790
8525,80767
8525,164563
8525,179982
8525,129102
8525,28733
26603,186211
26603,147183
26603,27704
26603,129055
26603,14787
26603,63974
26603,44632
26603,106674
26603,51921
26603,97844
26603,9972
26603,1514
26603,152976
26603,64237
26603,179893
26603,103887
26603,197409
26603,148296
26603,17000
26603,3630
139843,2515
139843,5968
139843,13619
139843,162321
139843,178619
139843,55234
139843,50852
139843,155547
139843,196221
139843,195639
139843,106165
139843,149257
139843,115921
139843,653
139843,199604
139843,70669
139843,99361
139843,124723
139843,175469
139843,8589
118737,162061
118737,120591
118737,166971
118737,114801
118737,158083
118737,161806
118737,23592
118737,80920
118737,60617
118737,80541
176665,161989
176665,160567
176665,132668
176665,100613
176665,180558
176665,76969
176665,57048
176665,88118
176665,121470
176665,67627
176665,92862
176665,174996
176665,140593
176665,180184
176665,135692
176665,5878
176665,125571
176665,79692
176665,185092
176665,125254
47960,73164
47960,158234
47960,184731
47960,163737
47960,190893
47960,80364
47960,1745
47960,155215
47960,118170
47960,177144
47960,105141
47960,27329
47960,11382
47960,71354
47960,115636
47960,102355
47960,147231
47960,30527
47960,118302
47960,101124
41126,16925
41126,88368
41126,121967
41126,163724
41126,11677
41126,203307
41126,17732
41126,175229
41126,101079
41126,172945
41126,128087
41126,58929
41126,44996
41126,108770
41126,114283
41126,171899
41126,204282
41126,76413
41126,166508
41126,110824
42278,190578
42278,4168
42278,101349
42278,100501
42278,74327
42278,182623
42278,39094
42278,133207
42278,29262
42278,27526
42278,186798
42278,196583
42278,103757
42278,169590
42278,130918
42278,139396
42278,154947
42278,98686
42278,193034
42278,121509
75137,25768
75137,193732
75137,112687
75137,42318
75137,81406
75137,126251
75137,168180
75137,41571
75137,16749
75137,203101
75137,102002
75137,38627
75137,87597
75137,133407
75137,44555
75137,40737
75137,111502
75137,135256
75137,111918
75137,37371
177438,142712
177438,110320
177438,41470
177438,154665
177438,91317
177438,48183
177438,89555
177438,149296
177438,167701
177438,71887
177438,51047
177438,197929
177438,43533
177438,165546
177438,2609
177438,1852
177438,204923
177438,73353
177438,175073
177438,114466
88429,19758
88429,20217
88429,112941
88429,85014
88429,24441
88429,131082
88429,103394
88429,35418
88429,189248
88429,161702
88429,194041
88429,80
88429,15683
88429,136070
88429,14526
88429,129290
88429,133271
88429,174910
88429,42115
88429,94568
182178,8809
182178,80920
182178,117196
182178,82893
182178,89841
182178,115436
182178,141965
182178,78929
182178,197838
182178,117563
182178,1780
201244,181699
201244,186868
201244,201009
201244,60744
201244,190118
201244,39889
201244,2878
201244,104549
201244,67428
201244,33493
201244,38350
201244,158846
201244,178333
201244,202463
201244,174444
201244,170686
201244,131112
201244,22965
201244,199323
201244,175191
106638,23378
106638,37869
106638,73337
106638,75392
106638,135561
106638,166971
106638,200333
106638,156608
106638,100612
106638,44907
106638,3864
106638,22497
106638,149200
106638,55625
106638,100441
106638,22961
106638,171458
106638,118509
106638,124113
106638,10408
157667,75384
157667,202877
157667,68528
157667,89734
157667,185823
157667,69721
157667,28293
157667,172345
157667,187924
157667,11050
157667,53970
157667,162622
157667,110859
157667,137206
157667,112471
157667,93355
157667,38270
157667,184854
157667,92717
157667,203591
97198,183545
97198,108415
97198,110446
97198,170230
97198,84028
97198,151564
97198,50956
97198,48326
97198,204347
97198,46240
97198,106733
97198,164353
97198,195858
97198,88161
97198,164638
97198,147981
97198,187308
97198,15267
97198,28631
97198,198284
84917,70848
84917,4683
84917,3908
84917,123356
84917,165695
84917,186621
84917,100566
84917,113773
84917,62696
84917,27162
84917,76290
84917,58926
84917,134052
84917,669
84917,28361
84917,137018
84917,152730
84917,76436
84917,103141
84917,156335
191062,201586
191062,162269
191062,134365
191062,28303
191062,29447
191062,133911
191062,49905
191062,191837
191062,37420
191062,191781
191062,55766
191062,94569
191062,63885
191062,84322
191062,160243
191062,180669
191062,275
191062,190584
191062,22420
191062,49173
177046,17950
177046,189402
177046,45375
177046,18129
177046,76214
177046,76232
177046,183919
177046,128443
177046,148929
177046,25671
177046,129239
177046,119460
177046,79596
177046,46249
177046,192161
177046,160466
177046,80120
177046,33314
177046,35473
177046,77104
68023,91213
68023,165517
68023,156552
68023,78671
68023,198894
68023,47846
68023,101200
68023,167821
68023,180026
68023,50106
68023,32338
68023,168998
68023,183546
68023,192241
68023,58396
68023,105379
68023,137559
68023,44468
68023,56457
68023,197879
78576,184142
78576,47656
78576,119914
78576,201388
78576,78102
78576,61525
78576,98607
78576,149508
78576,94772
78576,45722
78576,40637
78576,84205
78576,100059
78576,54666
78576,205582
78576,157506
78576,28735
78576,109408
78576,28099
78576,93338
41537,70116
41537,132015
41537,138766
41537,130827
41537,13385
41537,152593
41537,141411
41537,148568
41537,89753
41537,151801
41537,181621
41537,144559
41537,179518
41537,119936
41537,83889
41537,1436
41537,115154
41537,184485
41537,32575
41537,48381
131182,146696
131182,124973
131182,3750
131182,73555
131182,154653
131182,118070
131182,157528
131182,23078
131182,157645
131182,7517
131182,116740
131182,169574
131182,10677
131182,153617
131182,9141
131182,103792
131182,101812
131182,137337
131182,86611
131182,52975
205637,102356
205637,157911
205637,145823
205637,60745
205637,190313
205637,198889
205637,111144
205637,73940
205637,47591
205637,81292
205637,152445
205637,31599
205637,79917
205637,71773
205637,94109
205637,131011
205637,140289
205637,108919
205637,188929
205637,163810
38135,108423
38135,178786
38135,35967
38135,42884
38135,61854
38135,156412
38135,68971
38135,144259
38135,182511
38135,117368
38135,177342
38135,44476
38135,116963
38135,138982
38135,15398
38135,110053
38135,148345
38135,52308
38135,129875
38135,13968
60617,84683
60617,6452
60617,60532
60617,189846
60617,46245
60617,93308
60617,110384
60617,8525
60617,9620
60617,76187
60617,102238
60617,148372
60617,149732
60617,68896
60617,118737
60617,110155
60617,13498
60617,167620
60617,788
60617,88429
10837,180358
10837,202399
10837,190741
10837,181637
10837,49582
10837,28171
10837,116714
10837,145094
10837,91269
10837,175093
10837,1326
10837,77502
10837,72981
10837,46888
10837,204109
10837,12432
10837,45691
10837,36727
10837,49735
10837,124989
79280,60509
79280,97483
79280,129240
79280,65958
79280,84915
79280,74178
79280,118143
79280,201541
79280,122565
79280,88844
79280,140008
79280,155434
79280,175970
79280,15854
79280,101295
79280,80133
79280,4300
79280,56897
79280,79038
79280,201859
4734,76415
4734,190290
4734,7517
4734,133880
4734,84544
4734,79972
4734,200032
4734,135977
4734,200225
4734,165473
4734,75851
4734,153173
4734,85335
4734,123980
4734,137904
4734,89456
4734,78739
4734,147992
4734,137161
4734,120534
64751,59281
64751,12278
64751,175421
64751,119644
64751,116681
64751,49825
64751,5734
64751,26630
64751,202429
64751,76344
64751,195633
64751,102445
64751,126960
64751,43732
64751,122441
64751,5209
64751,188061
64751,44025
64751,52216
64751,24660
134138,1519
134138,81448
134138,45480
134138,75907
134138,137076
134138,143450
134138,142338
134138,51998
134138,64934
134138,73542
134138,85090
134138,61659
134138,154638
134138,39371
134138,102667
134138,77475
134138,192594
134138,140606
134138,183620
134138,40983
169948,44642
169948,153162
169948,54170
169948,32416
169948,145063
169948,43130
169948,65875
169948,74283
169948,158383
169948,99879
169948,175763
169948,158209
169948,16225
169948,80946
169948,12267
169948,61499
169948,54624
169948,32627
169948,185586
169948,116228
54222,148488
54222,75999
54222,185527
54222,117860
54222,63543
54222,31608
54222,38278
54222,61473
54222,21914
54222,31987
54222,71590
54222,159210
54222,33520
54222,179184
54222,129389
54222,177443
54222,161977
54222,110004
54222,64036
54222,178181
124723,95081
124723,56249
124723,187338
124723,116921
124723,21342
124723,74467
124723,47540
124723,107457
124723,155369
124723,22719
124723,76531
124723,42707
124723,189154
124723,38528
124723,60229
124723,15335
124723,134791
124723,45208
124723,151048
124723,115496
102849,46358
102849,46343
102849,75371
102849,24107
102849,160508
102849,11510
102849,30086
102849,115122
102849,61264
102849,200870
102849,2401
102849,49842
87195,6086
87195,48569
87195,132004
87195,133103
87195,185851
87195,144674
87195,129716
87195,146244
87195,80606
87195,178323
87195,50402
87195,106089
87195,131553
87195,131659
87195,27102
87195,58167
87195,190180
87195,186783
87195,141659
87195,70656
176735,98291
176735,54591
176735,121983
176735,148534
176735,67787
176735,148266
176735,203433
176735,104651
176735,113548
176735,155675
176735,85140
176735,149663
176735,202195
176735,148266
176735,69135
176735,191748
176735,72840
176735,198904
176735,10239
176735,41541
15306,154505
15306,198360
15306,9550
15306,158208
15306,50142
15306,57721
15306,178239
15306,89525
15306,73483
15306,50272
15306,195955
15306,110742
15306,5647
15306,92943
15306,102458
15306,51955
15306,4738
15306,149521
15306,11674
15306,96182
126560,164357
126560,165473
126560,84489
126560,174316
126560,30253
126560,191017
126560,135561
126560,162121
126560,129284
126560,138587
126560,165999
126560,88815
126560,153163
126560,179633
126560,156171
126560,185531
126560,127910
126560,19110
126560,57895
126560,124862
28075,188492
28075,26826
28075,72791
28075,117747
28075,64630
28075,54722
28075,62311
28075,78463
28075,18469
28075,75846
28075,60181
28075,135956
28075,183148
28075,123296
28075,32304
28075,124559
28075,31572
28075,133192
28075,80599
28075,52073
96732,37609
96732,135245
96732,176794
96732,197096
96732,30823
96732,196615
96732,51124
96732,90202
96732,30000
96732,179738
96732,74407
96732,95314
156905,7576
156905,42073
156905,188978
156905,162600
156905,86525
156905,199746
156905,157905
156905,23364
156905,168723
156905,71406
156905,98835
156905,148804
156905,28719
156905,57334
156905,8282
156905,84033
156905,31072
156905,202868
156905,195514
156905,56653
162579,158140
162579,2255
162579,27210
162579,9167
162579,106702
162579,176059
162579,53392
162579,57786
162579,155370
162579,170938
162579,75756
162579,110706
162579,199019
162579,136254
162579,154487
162579,47957
162579,128252
162579,74992
162579,26793
162579,8201
100919,149142
100919,56050
100919,66927
100919,82682
100919,61973
100919,202781
100919,23133
100919,188164
100919,116795
100919,6647
100919,84771
100919,117494
100919,119727
100919,110057
100919,95257
100919,187991
100919,166302
100919,161480
100919,103809
100919,138328
143688,74325
143688,42670
143688,69615
143688,106042
143688,159104
143688,97942
143688,95070
143688,114540
143688,107267
143688,100463
143688,32956
143688,43033
143688,52707
143688,4433
143688,59355
143688,157073
143688,49956
143688,90103
143688,118058
143688,44192
202631,44081
202631,120591
202631,141965
202631,76085
202631,174857
202631,130836
92415,9392
92415,150236
92415,38342
92415,80498
92415,188127
92415,192195
92415,95694
92415,178240
92415,99372
92415,192895
92415,203983
93084,44493
93084,190123
93084,58865
93084,91334
93084,113071
93084,108467
93084,58888
93084,42170
93084,143796
93084,59588
93084,9611
93084,74949
93084,117657
93084,127582
93084,202769
93084,48041
93084,93009
93084,52864
93084,172251
93084,192826
100044,124348
100044,27575
100044,150357
100044,167438
100044,23693
100044,149778
100044,170569
100044,103205
100044,56659
100044,68698
100044,35542
100044,29327
100044,61000
100044,13329
100044,59266
100044,104172
100044,60371
100044,1492
100044,114063
100044,192983
6452,89397
6452,8611
6452,97732
6452,108454
6452,155941
6452,601
6452,168159
6452,95470
6452,74438
6452,124402
6452,171411
6452,177035
6452,177738
6452,183051
6452,150451
6452,61220
6452,106851
6452,25848
6452,23017
6452,55672
171073,91726
171073,177132
171073,177436
171073,127013
171073,173683
171073,126118
171073,164281
171073,191678
171073,5967
171073,87151
171073,154076
171073,33988
171073,157331
171073,78922
171073,126118
77784,81345
77784,143285
77784,144967
77784,149975
77784,94903
77784,187615
77784,100911
77784,76174
77784,172930
77784,133011
77784,201698
77784,150387
77784,654
77784,117198
77784,62879
77784,185772
77784,57348
77784,84110
77784,5507
77784,105046
184360,101437
184360,142186
184360,101231
184360,8286
184360,3328
184360,204280
184360,48620
184360,56082
184360,174883
184360,186219
184360,159132
184360,64827
184360,18154
184360,94215
184360,172933
184360,48492
184360,39492
184360,170375
184360,147878
184360,130259
194966,15139
194966,205348
194966,37610
194966,98620
194966,11166
194966,191407
194966,157906
194966,19488
194966,101250
194966,113595
194966,192292
194966,169970
194966,171402
194966,175697
194966,168511
194966,176786
194966,166304
194966,182904
194966,86964
194966,152368
46358,195296
46358,4119
46358,103398
46358,156290
46358,81942
46358,58868
46358,48967
46358,146910
46358,21730
46358,39930
46358,32460
46358,173239
46358,83503
46358,14722
46358,167736
46358,64126
46358,32527
46358,44839
46358,73373
46358,176196
149257,65378
149257,99614
149257,42758
149257,159390
149257,46670
149257,6334
149257,150922
149257,44388
149257,80635
149257,78440
149257,70681
149257,137503
149257,143522
149257,71855
149257,84973
149257,49003
149257,138955
149257,53772
149257,55834
149257,42351
120981,95583
120981,93378
120981,60796
120981,96181
120981,115852
120981,86612
120981,19497
120981,62681
120981,124272
120981,124948
120981,59636
120981,131684
120981,175449
120981,195461
120981,177338
120981,115852
120981,72231
120981,19497
120981,46264
120981,205155
188262,126232
188262,159724
188262,147714
188262,21204
188262,140119
188262,175188
188262,62443
188262,19584
188262,39265
188262,193393
188262,78326
188262,38809
188262,2519
188262,150644
188262,184846
188262,96553
188262,162605
188262,197110
188262,87983
188262,34323
164908,94417
164908,141133
164908,28510
164908,181035
164908,141952
164908,22983
164908,92624
164908,29913
164908,158620
164908,105021
164908,195387
164908,51107
164908,141909
164908,195240
164908,189244
164908,6231
164908,41099
164908,145835
164908,20042
164908,102746
50852,101378
50852,797
50852,116520
50852,74694
50852,8138
50852,56595
50852,146764
50852,101559
50852,169599
50852,108122
50852,22523
50852,44680
50852,99087
50852,104722
50852,80751
50852,121513
50852,19285
50852,59449
50852,2263
50852,47818
169727,28075
169727,185046
169727,134778
169727,125378
169727,11306
169727,75137
169727,102849
169727,129952
169727,46358
169727,179666
169727,157667
169727,62499
169727,73857
169727,31872
169727,30480
96336,179682
96336,69098
96336,103352
96336,2181
96336,157294
96336,199467
96336,178967
96336,94583
96336,89265
96336,152665
96336,117880
96336,129819
96336,135848
96336,127891
96336,30017
96336,12791
96336,165687
96336,114288
96336,12878
96336,124066
9620,777
9620,55044
9620,139118
9620,133555
9620,50110
9620,49692
9620,89097
9620,170609
9620,189198
9620,73569
9620,155776
9620,178794
9620,141547
9620,53469
9620,144454
9620,58495
9620,108615
9620,120673
9620,175642
9620,113828
109106,121139
109106,25140
109106,38135
109106,108075
109106,201244
109106,159027
109106,155540
109106,78576
109106,52109
109106,78495
109106,199230
109106,11923
109106,17231
109106,80085
109106,74958
109106,17837
109106,131256
109106,80656
109106,32539
109106,41126
58160,170609
58160,175775
58160,43737
58160,123426
58160,80970
58160,139995
58160,71230
58160,142229
58160,109043
58160,173045
58160,124979
58160,16917
58160,1115
58160,173324
58160,7375
58160,39064
58160,199027
58160,45415
58160,24521
58160,156712
113198,81075
113198,21135
113198,122788
113198,20400
113198,57766
113198,133631
113198,17066
113198,7260
113198,115880
113198,178718
113198,91957
113198,8250
113198,190370
113198,134045
113198,142139
113198,58919
113198,170002
113198,89763
113198,201740
113198,192664
112202,163978
112202,125219
112202,50411
112202,147853
112202,72814
112202,186570
112202,72952
112202,44903
112202,95041
112202,44227
112202,175773
112202,200094
112202,149182
112202,23655
112202,169034
112202,69864
112202,77803
112202,82255
112202,204767
112202,173661
77168,151349
77168,52988
77168,175474
77168,78752
77168,25761
77168,184778
77168,39042
77168,57101
77168,74384
77168,91792
77168,142546
77168,112995
77168,107235
77168,61896
77168,165163
77168,181172
77168,33481
77168,43835
77168,148234
77168,191244
93308,156905
93308,55809
93308,27683
93308,134842
93308,98141
93308,59475
93308,12678
93308,41932
93308,23106
93308,81743
93308,126410
93308,21742
93308,2095
93308,42394
93308,88751
93308,125622
93308,80507
93308,31329
93308,64555
93308,53662
119626,112995
119626,198146
119626,171047
119626,33926
119626,131790
119626,108438
119626,189170
119626,151334
119626,120350
119626,119708
119626,554
119626,103936
119626,156655
119626,93592
119626,103616
119626,109092
119626,131876
119626,51713
119626,12261
119626,62708
29421,90300
29421,182086
29421,186458
29421,107201
29421,82842
29421,59072
29421,148526
29421,31652
29421,18209
29421,131761
29421,133405
29421,53732
29421,36154
29421,126455
29421,36246
29421,90747
29421,59353
29421,199105
29421,40858
29421,69500
146519,43918
146519,138397
146519,8670
146519,54575
146519,156432
146519,89337
146519,108765
146519,2010
146519,163739
146519,125021
146519,85293
146519,107969
146519,65414
146519,184666
146519,126811
146519,64918
146519,119846
146519,189783
146519,63443
146519,10059
116826,78446
116826,6176
116826,77645
116826,82251
116826,152042
116826,49828
116826,40559
116826,64009
116826,205401
116826,101499
116826,77602
116826,107646
116826,185762
116826,5827
116826,205246
116826,9892
116826,62895
116826,193378
116826,19666
116826,183684
157209,17339
157209,100868
157209,27897
157209,30737
157209,196882
157209,94018
157209,115900
157209,103039
157209,22114
157209,43943
157209,39989
157209,121333
157209,146983
157209,76612
157209,12025
157209,153522
157209,115250
157209,135253
157209,29249
157209,2741
200407,156207
200407,121599
200407,193516
200407,119981
200407,51838
200407,78762
200407,64385
200407,151249
200407,82618
200407,99614
200407,203196
5968,165844
5968,84961
5968,182709
5968,56393
5968,16013
5968,202424
5968,32862
5968,67251
5968,52401
5968,194068
5968,60875
5968,172260
5968,94645
5968,86498
5968,95237
5968,137813
5968,190972
5968,116796
5968,169786
5968,47022
129952,152692
129952,74548
129952,15843
129952,137293
129952,41571
129952,75137
129952,177554
129952,30293
129952,136936
129952,47309
129952,2322
129952,165211
129952,196440
129952,164663
129952,98053
129952,26030
129952,181511
129952,102086
129952,147059
129952,71529
137322,100612
137322,202514
137322,135643
137322,36289
137322,84029
137322,161806
137322,38215
137322,16932
137322,200112
137322,137899
137322,74407
137322,100563
137322,159930
137322,49512
137322,95314
137322,114521
137322,105106
122430,161148
122430,119078
122430,57210
122430,59965
122430,137693
122430,181982
122430,77298
122430,148310
122430,139050
122430,99885
122430,43017
122430,34040
122430,113327
122430,138981
122430,168966
122430,132933
122430,16623
122430,165390
122430,3596
122430,78559
148372,60890
148372,158470
148372,128532
148372,163738
148372,155310
148372,95141
148372,195056
148372,58705
148372,79776
148372,104801
148372,38996
148372,136407
148372,90847
148372,47552
148372,179012
148372,152661
148372,173160
148372,50670
148372,197610
148372,88072
176382,190805
176382,45979
176382,123791
176382,8451
176382,18889
176382,181682
176382,183197
176382,40212
176382,124004
176382,190210
176382,167767
176382,44238
176382,143123
176382,200664
176382,10690
176382,81014
176382,65625
176382,50672
176382,138752
176382,74159
77296,202048
77296,45238
77296,111788
77296,201568
77296,12991
77296,41255
77296,77309
77296,44440
77296,142463
77296,42188
77296,181499
77296,61021
77296,65216
77296,84216
77296,155167
77296,10175
77296,10368
77296,146436
77296,101578
77296,87978
125378,131189
125378,89539
125378,152519
125378,75137
125378,16278
125378,163602
125378,30039
125378,108475
125378,106104
125378,11455
125378,75672
125378,117074
125378,148749
125378,40607
87042,133852
87042,163740
87042,117431
87042,63270
87042,151757
87042,183754
87042,197264
87042,178805
87042,193246
87042,9684
87042,193830
87042,156002
87042,145077
87042,180224
87042,113941
87042,166678
87042,32185
87042,31254
87042,60165
87042,33997
128628,110896
128628,200635
128628,23148
128628,187370
128628,20163
128628,127419
128628,73426
128628,1262
128628,137606
128628,187086
128628,75972
128628,98946
128628,107907
128628,2578
128628,3917
128628,100375
128628,11586
128628,116049
128628,46819
128628,131393
11923,119827
11923,149973
11923,33500
11923,86591
11923,156458
11923,136882
11923,60534
11923,48174
11923,11544
11923,50150
11923,120224
11923,17533
11923,158392
11923,42620
11923,42662
11923,181334
11923,179358
11923,173706
11923,173462
11923,145506
46245,203496
46245,55706
46245,125103
46245,15469
46245,76288
46245,202514
46245,130839
46245,26741
46245,195639
46245,12185
46245,137284
46245,127928
46245,52881
46245,180589
46245,82560
46245,153556
46245,172176
46245,201531
46245,37062
46245,187878
155670,98650
155670,120591
155670,137925
155670,96907
155670,48340
155670,135060
155670,35836
155670,142002
155670,77279
155670,71769
155670,94307
155670,110239
155670,154080
155670,26695
155670,29516
155670,45848
155670,34609
155670,4131
155670,42747
155670,100754
111768,82424
111768,27898
111768,101357
111768,98146
111768,149979
111768,141146
111768,85493
111768,175061
111768,168502
111768,120698
111768,107297
111768,14905
111768,109512
111768,111704
111768,161811
111768,76517
111768,183831
111768,170580
111768,91013
111768,113725
173683,194304
173683,72352
173683,109545
173683,177046
173683,183351
173683,196013
173683,203864
173683,164908
173683,116598
173683,128628
173683,174340
173683,55714
173683,171073
173683,92867
173683,161703
173683,163526
173683,197826
173683,76435
173683,131182
173683,15547
13415,59249
13415,178423
13415,136933
13415,72014
13415,170885
13415,72163
13415,113381
13415,14627
13415,68155
13415,173193
13415,204990
13415,10600
13415,131444
13415,17868
13415,50075
13415,129547
13415,112894
13415,24118
13415,77919
13415,98732
25140,11822
25140,35197
25140,154364
25140,134643
25140,185957
25140,197818
25140,11602
25140,36909
25140,61822
25140,128501
25140,102018
25140,18860
25140,108580
25140,176307
25140,18801
25140,123408
25140,1421
25140,108319
199230,50770
199230,17111
199230,199486
199230,25586
199230,69208
199230,118202
199230,72079
199230,116632
199230,142276
199230,27489
199230,146846
199230,28691
199230,101918
199230,185207
199230,62935
199230,43983
199230,123348
199230,14263
199230,136494
199230,7356
55224,169371
55224,55197
55224,10766
55224,50436
55224,137912
55224,28015
55224,183193
55224,139105
55224,71294
55224,12074
55224,188020
55224,49255
55224,189048
55224,146717
55224,148166
55224,116192
55224,88448
55224,203121
55224,110216
55224,3164
79896,134667
79896,94127
79896,41833
79896,4323
79896,681
79896,78547
79896,49218
79896,190701
79896,144929
79896,133250
79896,96537
79896,143971
79896,63114
79896,51241
79896,77671
79896,141465
79896,183724
79896,120724
79896,135261
79896,38997
105133,28842
105133,130505
105133,193227
105133,169497
105133,157783
105133,114888
105133,13809
105133,147488
105133,160523
105133,188106
105133,107328
105133,11689
105133,38305
105133,77520
105133,12919
105133,94670
105133,75951
105133,109583
105133,114750
105133,62430
156436,176416
156436,74854
156436,104533
156436,138750
156436,139382
156436,503
156436,160925
156436,6201
156436,194461
156436,97025
156436,58826
156436,161477
156436,195663
156436,169850
156436,139789
156436,36461
156436,106744
156436,1339
156436,48806
156436,183301
136012,103647
136012,7759
136012,191619
136012,45356
136012,123276
136012,81304
136012,100581
136012,963
136012,147090
136012,144264
136012,79770
136012,29254
136012,101102
136012,95280
136012,91429
136012,63560
136012,204877
136012,24591
136012,161908
136012,177532
197826,195012
197826,49153
197826,139712
197826,89569
197826,163721
197826,128827
197826,37378
197826,83456
197826,72059
197826,175647
197826,19835
197826,38038
197826,174557
197826,106299
197826,124851
197826,52706
197826,95116
197826,88401
197826,172725
197826,52874
653,167177
653,14548
653,202108
653,171412
653,187232
653,77697
653,162756
653,202324
653,148740
653,86283
653,128649
653,204779
653,38303
653,97428
653,112535
653,38886
653,105142
653,187232
653,108343
653,8866
70669,72219
70669,200238
70669,3722
70669,203128
70669,150601
70669,18135
70669,10324
70669,195266
70669,198255
70669,122151
70669,79312
70669,115035
70669,200286
70669,119269
70669,54505
70669,15735
70669,97083
70669,180720
70669,132250
70669,136050
189846,138219
189846,121302
189846,105480
189846,7462
189846,160038
189846,47379
189846,203561
189846,36257
189846,115230
189846,21147
189846,10026
189846,121484
189846,183727
189846,72999
189846,183502
189846,29706
189846,123301
189846,4666
189846,17229
189846,134368
102238,105949
102238,42718
102238,2810
102238,52634
102238,80455
102238,79095
102238,74848
102238,153403
102238,171525
102238,51363
102238,105873
102238,139883
102238,67528
102238,10685
102238,201846
102238,107353
102238,178435
102238,44300
102238,126535
102238,195628
177132,176382
177132,148645
177132,169948
177132,195973
177132,162579
177132,155670
177132,87042
177132,96254
177132,4818
177132,184360
177132,151373
177132,15904
177132,176627
177132,55224
177132,54222
177132,100919
177132,102858
177132,205020
177132,60190
177132,134357
61738,2669
61738,17284
