# t 1
node_1,node_2
96269,184024
96269,177080
96269,138709
96269,107602
96269,94651
96269,100138
96269,162312
96269,3492
96269,147959
96269,148854
62207,123177
62207,173025
62207,193783
62207,71116
62207,187522
62207,183829
62207,121229
62207,120194
62207,108528
62207,79653
62207,161642
62207,60480
62207,193201
62207,22682
62207,9180
62207,132501
62207,106880
62207,49462
62207,199751
62207,114147
37603,112935
37603,172629
37603,169689
37603,110497
37603,123826
37603,158944
37603,134854
37603,179586
37603,34565
37603,102912
37603,107221
37603,37284
37603,113751
37603,109428
37603,109669
37603,89956
37603,202249
37603,189281
37603,115377
37603,65909
88037,193939
88037,139405
88037,104120
88037,76038
88037,30658
88037,52809
88037,36967
88037,28362
88037,172537
88037,99648
88037,141442
88037,6408
88037,1120
88037,153243
88037,28628
88037,88524
88037,122291
88037,58649
88037,7709
88037,37441
157490,35253
157490,168439
157490,191369
157490,180600
157490,76401
157490,52229
157490,178478
157490,63824
157490,7853
157490,11042
157490,23789
157490,2470
157490,46455
157490,130091
158287,39123
158287,109128
158287,90298
158287,82990
158287,103334
158287,121547
158287,118617
158287,40320
158287,165548
158287,175635
158287,167167
158287,130470
158287,9241
191709,179464
191709,169124
191709,128514
191709,132948
191709,133752
191709,107986
191709,41867
191709,93642
191709,105010
191709,45087
191709,16544
191709,170005
191709,5138
191709,84006
191709,56623
191709,97335
191709,11277
191709,205441
191709,136175
191709,51568
71504,150453
71504,190951
71504,108640
71504,97919
71504,5713
71504,33131
71504,155773
71504,154021
71504,91094
71504,168571
71504,169571
71504,105453
71504,123603
71504,55578
71504,153166
71504,59678
71504,158553
71504,195375
71504,185474
71504,84452
12548,21437
12548,90192
12548,155998
12548,81233
12548,29476
12548,58653
12548,95108
12548,69242
12548,141247
12548,44443
12548,45611
12548,63626
12548,16901
12548,151847
12548,69524
12548,200406
12548,497
12548,130155
12548,149072
12548,154700
128925,192272
128925,52344
128925,127773
128925,64358
128925,28491
128925,134470
128925,94513
128925,179923
128925,36363
128925,155931
128925,11269
128925,47782
128925,1089
128925,26252
62875,100022
62875,94389
62875,182415
62875,106634
62875,120696
62875,65017
62875,111959
62875,16323
62875,57494
62875,182700
62875,114363
62875,123331
62875,34700
62875,28758
62875,159879
62875,168355
62875,172147
62875,102947
62875,148132
62875,125270
191968,200955
191968,32562
191968,180368
191968,92737
191968,141406
191968,129521
191968,45983
191968,5088
191968,104393
191968,16187
191968,128396
191968,103647
191968,37279
191968,71817
191968,197767
191968,51570
191968,173558
191968,138206
191968,160236
191968,46828
41781,128664
41781,52762
41781,171927
41781,119960
41781,69079
41781,103546
41781,79012
41781,105101
41781,122178
41781,192469
41781,201365
41781,8795
41781,165760
41781,84517
41781,49536
41781,70122
41781,46633
41781,138677
41781,71565
41781,40014
146542,70697
146542,119339
146542,94651
146542,52714
146542,47302
146542,156045
146542,48152
146542,107602
146542,41364
146542,142394
146542,144901
146542,23566
19521,14049
19521,2091
19521,126958
19521,66796
19521,25013
19521,19455
19521,176683
19521,62207
19521,95324
19521,172564
19521,37227
19521,43107
19521,49344
19521,153178
19521,67944
19521,147137
19521,56769
19521,32571
19521,42232
19521,127791
173817,170518
173817,168
173817,160549
173817,168670
173817,11362
173817,172564
173817,104531
173817,107602
173817,114575
173817,116335
173817,37573
173817,168
13057,47976
13057,134119
13057,100591
13057,198109
13057,113127
13057,72215
13057,138445
13057,11783
13057,199217
13057,51656
13057,178874
13057,104568
13057,20256
13057,75645
13057,200225
13057,166669
13057,178373
13057,171120
13057,116067
13057,96111
185559,96945
185559,130527
185559,108290
185559,51895
185559,190273
185559,3045
185559,181175
185559,99179
185559,23142
185559,169557
185559,136410
185559,122669
185559,143545
185559,193149
185559,141472
185559,23460
185559,92849
185559,120504
185559,3010
185559,123638
162930,93500
162930,182331
162930,111628
162930,93688
162930,203685
162930,138636
162930,155500
162930,166962
162930,46629
162930,134526
162930,20956
162930,151786
162930,163835
162930,175990
162930,45596
162930,185154
162930,180630
162930,193881
162930,76330
162930,127998
159064,143977
159064,39570
159064,164533
159064,104160
159064,17401
159064,132811
159064,201336
159064,88828
159064,11074
159064,31592
159064,204323
159064,192682
159064,72029
159064,106515
159064,205076
159064,13705
159064,50773
159064,115987
159064,25196
159064,148348
177501,118396
177501,16576
177501,25312
177501,103493
177501,162307
177501,102457
177501,165210
177501,203262
177501,159030
177501,143417
177501,44669
177501,25806
177501,164330
177501,61669
177501,174119
177501,10836
177501,101868
177501,118379
177501,178113
177501,66563
109128,112699
109128,170102
109128,203966
109128,65115
109128,135925
109128,22473
109128,155941
109128,8524
109128,91053
109128,154904
109128,33849
109128,44875
109128,107824
109128,44459
109128,91057
109128,77904
109128,132799
109128,194552
109128,102928
109128,79300
131619,155532
131619,143401
131619,45480
131619,98966
131619,68873
131619,23664
131619,179175
131619,118230
131619,86082
131619,119914
131619,39097
131619,67604
131619,145934
131619,199655
131619,57763
131619,115909
131619,179032
131619,184435
131619,109870
131619,77847
67198,99029
67198,120910
67198,67040
67198,95687
67198,77433
67198,29722
67198,181086
67198,56716
67198,82634
67198,169281
67198,84321
67198,163145
67198,191501
67198,120293
67198,171001
67198,13526
67198,104132
67198,201459
67198,19057
67198,84133
107059,168625
107059,61377
107059,52229
107059,39730
107059,14007
107059,49549
107059,42849
107059,43503
107059,180600
107059,179263
107059,69839
107059,62692
107059,26910
107059,95904
107059,108071
107059,50130
107059,69898
107059,136324
107059,81447
107059,179263
109567,47719
109567,28611
109567,175189
109567,136544
109567,10327
109567,62875
109567,91738
109567,180600
109567,163076
109567,88037
109567,826
109567,75383
109567,141217
109567,24745
109567,148925
109567,131619
109567,128287
109567,194109
109567,87571
109567,141296
67758,88229
67758,192512
67758,4510
67758,161453
67758,45316
67758,121233
67758,58220
67758,183462
67758,138501
67758,85141
67758,93268
67758,153409
136544,42105
136544,122049
136544,6582
136544,160479
136544,110464
136544,34918
136544,24594
136544,53584
136544,129421
136544,83838
136544,125093
136544,171591
136544,132966
136544,24188
136544,58163
136544,49429
136544,68459
136544,75012
136544,163302
136544,198353
172149,162312
172149,53921
172149,42849
172149,162868
172149,108666
172149,132761
172149,140136
172149,9630
172149,11362
172149,57666
172149,140136
172149,113593
172149,127434
191136,52949
191136,41268
191136,176751
191136,45350
191136,132968
191136,50727
191136,178085
191136,57604
191136,200436
191136,124956
191136,30326
191136,82625
191136,142445
191136,203691
191136,116792
191136,192786
191136,81783
191136,57244
191136,42116
191136,77695
68013,37060
68013,35608
68013,158856
68013,134548
68013,146071
68013,3002
68013,152585
68013,173862
68013,86801
68013,187636
68013,191272
68013,92403
68013,17948
68013,203505
68013,62028
68013,202537
68013,178056
68013,84841
68013,25051
68013,83854
184300,190935
184300,57973
184300,75267
184300,37390
184300,47053
184300,112430
184300,69920
184300,144103
184300,138492
184300,20048
184300,188155
184300,28182
184300,147647
184300,132704
184300,140679
184300,20981
184300,94004
184300,142050
184300,146598
184300,11347
141217,136080
141217,187934
141217,155944
141217,186495
141217,115784
141217,179268
141217,71236
141217,30003
141217,85766
141217,687
141217,63552
141217,93232
141217,87571
141217,203285
141217,172349
141217,196845
141217,81721
141217,89308
141217,20431
141217,150224
93320,53886
93320,81619
93320,136057
93320,76866
93320,155117
93320,3492
93320,128439
93320,86050
93320,186793
93320,18429
93320,28772
93320,66261
93320,196671
93320,152611
93320,110888
93320,63381
93320,55780
93320,90727
93320,103710
93320,173129
144912,27065
144912,182104
144912,157634
144912,119999
144912,80561
144912,104531
144912,62779
144912,185559
144912,94009
144912,28531
144912,8341
144912,163484
144912,124571
144912,4288
144912,151056
144912,45528
144912,39007
144912,67758
144912,89507
144912,49947
45677,34604
45677,148470
45677,82724
45677,47451
45677,107602
45677,137488
45677,51059
45677,182897
45677,125969
45677,160549
45677,5227
45677,193745
45677,11188
45677,133809
45677,137926
45677,192074
45677,133936
45677,84305
45677,13722
45677,107006
173515,169528
173515,174588
173515,23461
173515,60790
173515,113967
173515,61998
173515,21385
173515,160095
173515,202996
173515,164698
173515,73061
173515,121934
173515,13531
173515,104326
173515,196584
173515,36321
173515,79598
173515,70383
173515,28631
173515,132387
184439,125803
184439,187636
184439,96668
184439,111852
184439,183044
184439,152612
184439,45688
184439,67857
184439,80944
184439,185477
184439,65562
184439,37634
184439,157076
184439,192159
184439,33789
184439,37708
184439,89463
184439,187719
69903,57829
69903,158507
69903,50479
69903,34918
69903,53921
69903,183462
69903,105610
69903,156101
69903,192698
69903,113468
70085,49382
70085,201809
70085,51723
70085,88287
70085,103026
70085,9152
70085,147750
70085,8709
70085,28849
70085,154950
70085,133293
70085,47926
70085,198565
70085,61800
70085,196383
70085,60477
70085,141429
70085,165838
70085,22608
70085,101339
4801,59465
4801,110662
4801,142394
4801,152612
4801,187072
4801,190026
4801,11362
4801,166354
4801,139711
4801,160276
4801,70166
4801,28942
4801,107190
4801,170817
4801,19731
4801,84198
4801,111297
4801,185036
4801,187868
4801,157220
139291,191968
139291,32989
139291,36536
139291,134671
139291,151760
139291,20538
139291,139193
139291,67951
139291,162930
139291,79330
139291,188405
139291,48759
189919,189657
189919,63708
189919,19446
189919,9323
189919,112928
189919,132195
189919,51405
189919,152612
189919,83153
189919,140481
189919,88530
189919,5653
189919,35694
189919,106862
189919,1304
189919,130158
189919,103496
189919,86631
189919,108237
189919,32011
71440,159711
71440,92928
71440,33899
71440,54773
71440,31524
71440,71772
71440,129413
71440,114932
71440,118315
71440,76401
71440,205434
71440,113318
71440,148509
71440,132995
71440,128888
71440,185472
71440,48104
71440,75778
71440,60134
71440,164003
169655,39632
169655,42523
169655,100940
169655,107446
169655,26636
169655,103695
169655,78706
169655,43061
169655,106312
169655,173301
169655,189704
169655,141305
169655,174195
169655,34538
169655,67119
169655,52726
169655,154519
169655,150835
169655,199483
169655,132420
9194,94235
9194,205295
9194,114185
9194,189028
9194,192617
9194,139530
9194,135228
9194,67630
9194,182509
9194,76943
9194,52711
9194,154263
9194,122870
9194,57780
9194,106956
9194,24167
9194,164582
9194,132792
49549,86004
49549,139487
49549,109704
49549,10579
49549,62632
49549,21859
49549,55478
49549,144912
49549,88334
49549,130603
49549,203561
49549,62431
49549,62222
49549,186480
49549,87624
49549,60873
49549,8531
49549,138084
49549,15085
49549,98056
21516,137175
21516,98639
21516,136371
21516,77066
21516,76179
21516,194255
21516,67883
21516,171785
21516,50533
21516,34832
21516,142877
21516,54327
21516,34653
21516,107871
21516,53709
21516,47829
21516,198807
21516,102407
21516,167301
21516,18222
94839,24779
94839,116699
94839,87614
94839,178097
94839,107913
94839,11691
94839,87860
94839,132715
94839,100446
94839,16752
94839,121436
94839,161069
94839,25204
94839,30552
94839,75838
94839,134020
94839,101380
94839,48123
94839,115417
94839,85683
105260,28531
105260,104531
105260,42849
105260,14007
105260,107602
105260,53921
105260,8836
105260,7853
105260,180600
105260,70697
148022,196176
148022,168775
148022,24759
148022,110016
148022,125969
148022,20105
148022,181227
148022,190334
148022,124602
148022,108885
148022,87011
177278,117327
177278,101220
177278,102960
177278,155375
177278,189833
177278,78731
177278,147208
177278,57288
177278,197362
177278,114876
177278,31109
177278,51301
177278,136482
177278,149224
177278,8089
177278,130023
177278,116000
177278,63223
177278,199545
177278,146382
199926,124616
199926,166305
199926,14007
199926,49986
199926,169205
199926,77369
199926,136596
199926,145924
199926,189099
199926,66588
199926,104263
199926,156051
199926,164409
199926,191905
199926,196063
199926,93228
199926,21421
199926,125702
199926,123334
199926,158953
139518,60251
139518,84500
139518,140387
139518,136354
139518,161070
139518,144781
139518,166869
139518,39651
139518,57646
139518,13367
139518,4483
139518,106134
139518,103503
139518,13404
139518,123598
139518,194463
139518,86344
139518,73604
139518,54875
139518,136101
163076,128110
163076,51164
163076,85766
163076,67023
163076,79796
163076,126404
163076,147487
163076,170736
163076,31075
163076,205562
163076,20799
163076,16698
163076,39263
163076,195604
163076,60912
163076,185010
163076,79150
163076,59799
163076,53438
163076,68677
88293,166724
88293,184035
88293,36473
88293,71065
88293,105028
88293,40083
88293,135881
88293,19282
88293,163393
88293,156456
88293,143592
88293,25293
88293,18317
88293,90932
88293,106770
88293,115548
88293,21762
88293,179190
88293,135153
88293,106266
94009,24061
94009,105201
94009,64853
94009,192347
94009,22014
94009,64975
94009,126037
94009,200421
94009,4469
94009,149548
94009,28670
94009,60146
94009,34827
94009,205050
94009,100663
94009,12474
94009,123268
94009,101942
94009,33008
94009,18194
156361,84663
156361,78933
156361,133511
156361,159860
156361,157194
156361,134277
156361,129472
156361,123570
156361,63574
156361,32594
156361,168085
156361,70746
156361,104301
156361,31970
156361,72321
156361,63570
156361,20096
156361,170663
156361,152908
156361,182839
155928,69187
155928,105721
155928,150687
155928,60186
155928,168569
155928,123746
155928,58565
155928,132096
155928,64789
155928,176529
155928,44450
155928,10771
155928,43805
155928,201854
155928,84683
155928,107593
155928,139605
155928,77892
155928,113475
155928,18128
104531,191252
104531,136930
104531,63126
104531,49303
104531,100138
104531,33223
104531,157172
104531,95077
104531,90693
104531,139078
104531,121015
104531,201858
104531,53767
104531,98511
104531,137119
104531,127466
104531,75550
104531,27895
104531,107064
104531,124780
116335,72871
116335,50017
116335,48499
116335,121516
116335,191709
116335,110448
116335,189919
116335,88293
116335,14233
116335,29386
116335,24340
116335,69903
116335,159878
116335,146770
116335,66403
116335,148901
116335,178475
116335,54384
116335,137714
116335,68810
134822,81306
134822,78396
134822,151772
134822,154067
134822,47302
134822,111760
134822,141790
134822,200750
134822,62142
134822,77632
134822,96288
134822,150772
134822,51258
134822,139232
134822,38655
134822,86766
134822,144392
134822,196393
134822,59434
134822,191191
133114,117910
133114,31010
133114,85070
133114,141177
133114,188622
133114,188567
133114,7606
133114,164605
133114,146531
133114,138294
133114,4210
133114,129043
133114,94589
133114,60660
133114,130960
133114,126299
133114,35269
133114,156315
133114,176461
133114,115095
29386,181512
29386,56276
29386,124647
29386,151739
29386,19695
29386,1733
29386,106737
29386,44416
29386,172394
29386,107311
29386,99160
29386,74850
29386,140812
29386,54626
29386,176481
29386,84022
29386,130605
29386,130288
29386,155157
29386,13366
50050,31179
50050,163195
50050,11389
50050,131185
50050,152050
50050,45408
50050,26882
50050,122409
50050,491
50050,4854
50050,106884
194109,42938
194109,125188
194109,160598
194109,18676
194109,127386
194109,198483
194109,76334
194109,156407
194109,15359
194109,103156
194109,130639
194109,107579
194109,93977
194109,187416
194109,40761
194109,166420
194109,176148
194109,129605
194109,174888
194109,150552
115804,160539
115804,6203
115804,166210
115804,89335
115804,140859
115804,196230
115804,73932
115804,101910
115804,37913
115804,106999
115804,6827
115804,15665
115804,69961
115804,97643
115804,135989
115804,88709
115804,32595
115804,26521
115804,145718
115804,115413
20584,5652
20584,1599
20584,46347
20584,2710
20584,141047
20584,184627
20584,168435
20584,103443
20584,89701
20584,57683
20584,104274
20584,164070
75756,45369
75756,123678
75756,47724
75756,200034
75756,194151
75756,114396
75756,200732
75756,155542
75756,145259
75756,41778
75756,20375
75756,165466
75756,150808
75756,179628
75756,52813
75756,98536
75756,83668
75756,58064
75756,73722
75756,150132
192953,190832
192953,94538
192953,42409
192953,21516
192953,201869
192953,62481
192953,128011
192953,125794
192953,97556
192953,148169
85945,141285
85945,28121
85945,100408
85945,164866
85945,31532
85945,94116
85945,10417
85945,27340
85945,126929
85945,203272
85945,118691
85945,137915
85945,149824
85945,42670
85945,186659
85945,81767
85945,62506
85945,11758
85945,189636
85945,56896
74243,106805
74243,106073
74243,48636
74243,56885
74243,29838
74243,115049
74243,76500
74243,180801
74243,129414
74243,77086
74243,84156
74243,57220
74243,114276
74243,65936
74243,19393
74243,181049
74243,77772
74243,110815
74243,62995
74243,3657
118624,36324
118624,61835
118624,116371
118624,119339
118624,62207
118624,61193
118624,99127
118624,74586
118624,127166
118624,183462
118624,83035
118624,129256
118624,36033
118624,36359
118624,38444
118624,38829
118624,6267
118624,112510
118624,11736
118624,195673
130810,30391
130810,68061
130810,27592
130810,5652
130810,153605
130810,181886
130810,72903
130810,183957
130810,204336
130810,22543
130810,117500
130810,14065
130810,113087
130810,19230
130810,184821
130810,15819
130810,95367
130810,180710
130810,156120
130810,203370
48759,84454
48759,83844
48759,110763
48759,19790
48759,195240
48759,122370
48759,78809
48759,9170
48759,74617
48759,119523
48759,162831
48759,100323
48759,6815
48759,3221
48759,126538
48759,113719
48759,78616
48759,47767
48759,21161
48759,205420
106667,29845
106667,116364
106667,14584
106667,150855
106667,187062
106667,57426
106667,205346
106667,135215
106667,16756
106667,114013
106667,67088
106667,19848
106667,84588
106667,116555
106667,109188
106667,100827
106667,140370
106667,73611
106667,92223
106667,12079
42905,94183
42905,141398
42905,117355
42905,53592
42905,100380
42905,29466
42905,191369
42905,82469
42905,127212
42905,63989
42905,100696
42905,4795
42905,99399
42905,46383
42905,152862
42905,131692
42905,109753
42905,177529
42905,9232
42905,160903
183717,86601
183717,13488
183717,182547
183717,163510
183717,71431
183717,81756
183717,131975
183717,36911
183717,204060
183717,30329
183717,197346
183717,24376
183717,44357
183717,119573
183717,203182
183717,145147
183717,41365
183717,136644
183717,5164
183717,2472
190832,36303
190832,8423
190832,128804
190832,112405
190832,2556
190832,190749
190832,37886
190832,39731
190832,13357
190832,71215
190832,69906
190832,17645
190832,61999
190832,98693
190832,64080
190832,93791
190832,150951
190832,80121
190832,54616
190832,29283
43204,153675
43204,57263
43204,7151
43204,93744
43204,144488
43204,135942
43204,2790
43204,145687
43204,69777
43204,136824
43204,42425
43204,26387
43204,171978
43204,105110
43204,8406
43204,25673
43204,87907
43204,95763
43204,171113
43204,16589
182104,105971
182104,49210
182104,106719
182104,148854
182104,6204
182104,156754
182104,163350
182104,62616
182104,8836
182104,89360
182104,165100
182104,101718
182104,66735
182104,92723
182104,116065
182104,172891
182104,30504
182104,160751
182104,169189
182104,84791
104939,82507
104939,128285
104939,69833
104939,91839
104939,65751
104939,188641
104939,142394
104939,143043
104939,132698
104939,61537
104939,29189
104939,82507
104939,23951
104939,123084
104939,121024
104939,2682
104939,184232
104939,169138
104939,69833
104939,190421
26279,2491
26279,197123
26279,112429
26279,153059
26279,67377
26279,115847
26279,93909
26279,163564
26279,201272
26279,177969
26279,23475
26279,166769
26279,25937
26279,149828
26279,144463
26279,75333
26279,23560
26279,149925
26279,127153
26279,170964
56045,128828
56045,133937
56045,3025
56045,42216
56045,96468
56045,184363
56045,149288
56045,49008
56045,185384
56045,174186
56045,40121
56045,19031
56045,42329
56045,73260
56045,194871
56045,186225
56045,76242
56045,33050
56045,49728
56045,65978
80561,111623
80561,68013
80561,180236
80561,116432
80561,162312
80561,86825
80561,184150
80561,146078
80561,105937
80561,170138
80561,99927
80561,83796
80561,177114
80561,156915
80561,147373
80561,146079
80561,17016
80561,87070
80561,96084
80561,24355
148169,128956
148169,152852
148169,97288
148169,94775
148169,67053
148169,189084
148169,65438
148169,85157
148169,72674
148169,110766
148169,7248
148169,160662
148169,46857
148169,87236
148169,110532
148169,181464
148169,24023
148169,111650
148169,116679
148169,202190
5429,16251
5429,41122
5429,42849
5429,130193
5429,76906
5429,18050
5429,45571
5429,68568
5429,159914
5429,55322
5429,184625
5429,150168
5429,175817
5429,71490
5429,195742
5429,92349
5429,167367
5429,140336
5429,50575
5429,2602
107602,8042
107602,117679
107602,62207
107602,70085
107602,159064
107602,127829
107602,159711
107602,109067
107602,155928
107602,148508
107602,104939
107602,73166
107602,190556
107602,199926
107602,93320
107602,140881
107602,41781
107602,83317
107602,105260
107602,173505
117679,184203
117679,106606
117679,128241
117679,182255
117679,103868
117679,166983
117679,85172
117679,133712
117679,103722
117679,79638
117679,136986
117679,162218
117679,103544
117679,100999
117679,105161
117679,192675
117679,161405
117679,138368
117679,45725
117679,153048
167186,11362
167186,178478
167186,105971
167186,173025
167186,65326
167186,48777
167186,48152
167186,76961
167186,172451
167186,159072
28531,202624
28531,26912
28531,42849
28531,171585
28531,67180
28531,80236
28531,203054
28531,70770
28531,168596
28531,36156
28531,132449
28531,110216
28531,70540
28531,11626
28531,108725
28531,65653
48152,111402
48152,150528
48152,166609
48152,102844
48152,160246
48152,24941
48152,117824
48152,156860
48152,99915
48152,148102
48152,169455
48152,188022
48152,198095
48152,200265
48152,197571
48152,192999
48152,142104
48152,46396
48152,50735
48152,62944
132160,42814
132160,136618
132160,82579
132160,205273
132160,89882
132160,59702
132160,198399
132160,53506
132160,186454
132160,162757
132160,30065
132160,49642
132160,58424
132160,87242
132160,168906
132160,198693
132160,36541
132160,46093
132160,202554
132160,125575
118741,196714
118741,42999
118741,202176
118741,145139
118741,35556
118741,110187
118741,155771
118741,101822
118741,100777
118741,176462
118741,133701
118741,146365
118741,144442
118741,80358
118741,177360
118741,156997
118741,156652
118741,90682
118741,121021
118741,120302
166609,135147
166609,64575
166609,172694
166609,142272
166609,56824
166609,197056
166609,3174
166609,11160
166609,8159
166609,93121
166609,192825
166609,102558
166609,68456
166609,45280
166609,2708
166609,29484
166609,49530
166609,202757
166609,113836
166609,166088
72871,94276
72871,56639
72871,87280
72871,103558
72871,116512
72871,202103
72871,67054
72871,3022
72871,185024
72871,90015
72871,66498
72871,188632
72871,119555
72871,164184
72871,87101
72871,2045
72871,12373
72871,20238
72871,171959
72871,6578
73923,5277
73923,126978
73923,143175
73923,97768
73923,46739
73923,172213
73923,128311
73923,107602
73923,138501
73923,106842
73923,134004
73923,166285
73923,155215
154536,91767
154536,171651
154536,14134
154536,141859
154536,136658
154536,118178
154536,88567
154536,19752
154536,53378
154536,70242
154536,1343
154536,99480
154536,21666
154536,105064
154536,23161
154536,66253
154536,183766
154536,120775
154536,171388
154536,167823
62481,106259
62481,149913
62481,185817
62481,162878
62481,200712
62481,131065
62481,130975
62481,34315
62481,63936
62481,20110
62481,192742
62481,36170
62481,34157
62481,148503
62481,72701
62481,192891
62481,105197
62481,108481
62481,112653
62481,183608
204431,180600
204431,32122
204431,95000
204431,56659
204431,76510
204431,66094
204431,83827
204431,138283
204431,67499
204431,3541
204431,80809
204431,84959
204431,148221
204431,124831
204431,104373
204431,84433
204431,94601
204431,107113
204431,13874
204431,186331
188989,109923
188989,71729
188989,178810
188989,86056
188989,133528
188989,163975
188989,71385
188989,203776
188989,45692
188989,200014
188989,77042
163400,191065
163400,104252
163400,125231
163400,37804
163400,63371
163400,29330
163400,72106
163400,181670
163400,117022
163400,164596
163400,9423
163400,47182
163400,117453
163400,205345
163400,59070
163400,78326
163400,105424
163400,142309
163400,100351
163400,129274
20538,9543
20538,176238
20538,178160
20538,180675
20538,165606
20538,10865
20538,41336
20538,65024
20538,192381
20538,83848
20538,187337
20538,168849
20538,186809
20538,113437
20538,79750
20538,80696
20538,5329
20538,117600
20538,52367
20538,20603
117303,48158
117303,180118
117303,7733
117303,7290
117303,190640
117303,36846
117303,96504
117303,195700
117303,145633
117303,106758
117303,146098
117303,172454
117303,5003
117303,73622
117303,186774
117303,117101
117303,71029
117303,117266
117303,146463
117303,35093
91738,129275
91738,150215
91738,194109
91738,15561
91738,53563
91738,42597
91738,143332
91738,51671
91738,20061
91738,171609
91738,16630
91738,125059
91738,188822
91738,21845
91738,205294
91738,178818
91738,91775
91738,7852
91738,120329
91738,169334
86504,194340
86504,7044
86504,77494
86504,32285
86504,140335
86504,141941
86504,56275
86504,51695
86504,183422
86504,123546
86504,5141
86504,200063
86504,202788
86504,149143
86504,167176
86504,199765
86504,204218
86504,204644
86504,112924
86504,161967
22360,52203
22360,155155
22360,174604
22360,204427
22360,151028
22360,53122
22360,3108
22360,174465
22360,14570
22360,172608
22360,160122
22360,34187
22360,117372
22360,128284
22360,182600
22360,16280
22360,12316
22360,94668
22360,105602
22360,164468
50017,19
50017,135988
50017,72939
50017,143601
50017,43153
50017,188552
50017,25438
50017,198025
50017,48342
50017,132207
50017,68974
50017,14730
50017,68918
50017,165391
50017,201829
50017,177382
50017,159203
50017,25507
50017,189974
50017,125004
160875,187636
160875,25447
160875,198163
160875,125521
160875,186223
160875,3072
160875,968
160875,23461
160875,50300
160875,82189
160875,85820
160875,48858
160875,68948
160875,92852
160875,185825
160875,117437
160875,45684
160875,41241
160875,167989
160875,120581
10421,44921
10421,39123
10421,109128
10421,180600
10421,1005
10421,188989
10421,145724
10421,26279
10421,131054
10421,133021
10421,145724
201869,48218
201869,79601
201869,150312
201869,195446
201869,46854
201869,97137
201869,178934
201869,193903
201869,97556
201869,55858
201869,162884
201869,66267
201869,185561
201869,18299
201869,69616
201869,107934
201869,86239
201869,19487
201869,18320
201869,92042
128932,53512
128932,15848
128932,55370
128932,162590
128932,176683
128932,18724
128932,48152
128932,188033
128932,8836
128932,72986
128932,136530
128932,117359
128932,34332
128932,162841
128932,3001
128932,6018
128932,122910
128932,12047
128932,140171
128932,167840
101958,180334
101958,77443
101958,9712
101958,18345
101958,36578
101958,160301
101958,102259
101958,36935
101958,102979
101958,68739
101958,42136
101958,145179
101958,444
101958,12946
101958,150125
101958,10851
101958,188422
101958,91107
101958,142938
101958,110760
19874,147235
19874,178423
19874,138709
19874,50897
19874,50423
19874,100619
19874,54670
19874,1225
19874,88444
19874,8149
19874,62798
19874,126165
19874,204140
19874,112148
19874,201178
19874,48295
19874,159136
19874,62893
19874,51659
19874,150529
39787,163704
39787,56411
39787,114907
39787,45905
39787,75965
39787,20342
39787,115005
39787,64498
39787,120443
39787,143768
39787,167328
39787,95298
39787,132863
39787,100383
39787,124853
39787,190663
39787,99411
39787,190804
39787,31063
39787,116351
31557,133233
31557,16890
31557,67878
31557,56736
31557,23783
31557,69374
31557,65718
31557,51031
31557,11735
31557,182822
31557,35053
31557,196287
31557,163007
31557,139498
31557,125088
31557,98029
31557,89129
31557,170236
31557,201278
31557,197381
89507,78730
89507,32156
89507,144912
89507,159645
89507,151997
89507,125750
89507,34570
89507,140627
89507,155387
89507,72780
89507,153495
89507,163595
89507,47357
89507,173770
89507,91754
89507,184560
89507,126338
89507,87746
89507,37442
89507,83945
105010,57290
105010,49070
105010,2524
105010,33306
105010,30147
105010,111531
105010,155988
105010,175617
105010,202185
105010,61253
105010,193141
105010,174426
105010,66561
105010,49389
105010,171428
105010,202977
105010,88631
105010,155643
105010,67272
105010,187095
137714,38829
137714,57666
137714,59465
137714,111089
137714,163776
137714,190454
137714,42849
137714,155006
137714,48152
137714,192906
137714,42837
137714,90445
98000,188508
98000,86901
98000,51350
98000,94885
98000,194308
98000,205494
98000,145871
98000,61480
98000,81114
98000,99371
98000,195097
98000,65490
98000,154924
98000,28424
98000,182803
98000,37199
98000,146260
98000,129352
98000,153055
98000,42345
119999,72494
119999,183557
119999,11216
119999,70096
119999,154747
119999,80073
119999,97144
119999,150881
119999,146494
119999,79914
119999,34613
119999,94019
119999,112141
119999,109664
119999,121430
119999,89454
119999,143722
119999,43707
119999,51892
119999,87597
177896,121006
177896,10661
177896,50017
177896,160276
177896,183208
177896,181622
177896,130336
177896,197922
177896,182053
177896,38714
177896,41663
177896,193662
177896,71705
177896,147969
177896,18484
177896,175722
177896,205314
177896,90179
177896,65110
177896,136550
10327,181326
10327,5067
10327,147741
10327,39916
10327,97973
10327,183909
10327,112950
10327,78162
10327,55841
10327,124592
10327,165963
10327,62366
10327,74234
10327,193806
10327,140709
10327,168275
10327,201998
10327,196645
10327,134396
10327,124994
21437,177501
21437,193549
21437,17537
21437,174419
21437,166609
21437,97535
21437,177896
21437,71504
21437,43250
21437,114558
21437,109160
21437,35648
21437,74832
21437,107280
21437,146542
21437,87590
21437,5429
21437,6350
21437,203725
21437,72142
150547,142021
150547,20110
150547,183462
150547,180600
150547,180520
150547,169728
157634,50321
157634,83029
157634,143561
157634,20239
157634,65351
157634,187072
157634,115307
157634,19014
157634,194779
157634,140832
157634,126760
157634,114107
157634,113990
157634,20140
157634,124793
157634,109054
157634,3394
157634,99185
157634,192854
157634,149434
125794,139618
125794,65768
125794,120473
125794,58521
125794,157274
125794,205059
125794,131424
125794,60131
125794,195299
125794,195259
125794,2683
79330,70147
79330,82863
79330,79093
79330,116336
79330,194728
79330,178588
79330,159542
79330,49781
79330,33700
79330,187662
79330,60521
79330,11353
79330,126120
79330,2921
79330,66400
79330,104151
79330,164214
79330,142048
79330,137865
79330,28781
162322,182350
162322,33351
162322,78173
162322,71442
162322,196879
162322,172768
162322,103383
162322,170529
162322,107180
162322,70896
162322,12175
162322,202367
162322,82201
162322,104689
162322,82028
162322,37502
162322,188302
162322,40709
162322,177269
162322,151950
62399,110303
62399,22234
62399,191438
62399,144912
62399,28554
62399,81331
62399,90930
62399,137490
62399,60447
62399,129693
62399,94038
62399,205466
62399,56546
62399,51221
62399,137719
62399,184454
62399,106978
62399,91995
62399,74333
62399,56425
107120,3485
107120,130196
107120,99494
107120,10185
107120,169656
107120,204968
107120,18920
107120,41989
107120,145327
107120,196937
107120,122132
107120,66378
107120,72683
107120,85226
107120,176981
107120,119622
107120,6519
107120,122739
107120,100177
107120,15206
27050,73724
27050,111770
27050,48195
27050,32551
27050,91215
27050,29694
27050,99261
27050,73837
27050,9493
27050,48652
27050,156558
27050,3920
27050,31772
27050,3797
27050,44000
27050,186751
27050,32551
27050,95743
27050,150141
27050,107207
96690,202965
96690,161677
96690,60956
96690,79120
96690,126363
96690,177711
96690,113934
96690,77337
96690,137312
96690,180600
96690,47479
96690,177577
96690,202820
96690,73629
96690,65893
96690,40147
96690,34940
96690,71453
96690,197625
96690,128771
132257,104037
132257,52714
132257,91182
132257,147080
132257,104166
132257,89085
132257,64395
132257,144027
132257,204937
132257,161262
132257,168254
132257,198266
132257,1641
132257,117509
132257,60386
132257,190099
132257,85142
132257,159853
132257,91463
132257,30075
43115,3214
43115,59550
43115,188169
43115,172926
43115,80654
43115,7438
43115,103800
43115,9608
43115,186043
43115,968
43115,149066
43115,110592
43115,118471
43115,77122
43115,182326
43115,81326
43115,168193
43115,153583
43115,194407
43115,152983
196787,7798
196787,150494
196787,99680
196787,91478
196787,58553
196787,159170
196787,7826
196787,13057
196787,145588
196787,53166
196787,79804
196787,115530
196787,103709
196787,79776
196787,204423
196787,185320
196787,134278
196787,138321
196787,37863
196787,119944
141296,171176
141296,145618
141296,109522
141296,144254
141296,119086
141296,38827
141296,50095
141296,40445
141296,197176
141296,155099
141296,184557
141296,111060
141296,113210
141296,119769
141296,7077
141296,24398
141296,5495
141296,149274
141296,192876
141296,149616
3279,158067
3279,145868
3279,70517
3279,131787
3279,52896
3279,102113
3279,17537
3279,63558
3279,69588
3279,179397
3279,41229
3279,76289
3279,70522
3279,38998
3279,183093
3279,27630
3279,127048
3279,156769
3279,105652
3279,120979
39806,50821
39806,141292
39806,192870
39806,189005
39806,195246
39806,1472
39806,33455
39806,112928
39806,72244
39806,75114
39806,6078
39806,86171
39806,97406
39806,116686
39806,171284
39806,37815
39806,9085
39806,108319
39806,104794
39806,66967
191369,42905
191369,98000
191369,62399
191369,118844
191369,113496
191369,115735
191369,49549
191369,101958
191369,183717
191369,70066
191369,9194
191369,96269
191369,107059
191369,41487
191369,3217
191369,157490
191369,44885
191369,70841
191369,83707
191369,39055
154147,165861
154147,185044
154147,40208
154147,166129
154147,127201
154147,87278
154147,117828
154147,145588
154147,92991
154147,173665
154147,57940
154147,70522
154147,116787
154147,81642
154147,185982
154147,117084
154147,69263
154147,248
154147,98865
154147,95301
188033,6902
188033,26701
188033,160829
188033,158797
188033,12298
188033,138596
188033,137810
188033,56579
188033,176270
188033,167733
188033,17336
188033,109512
188033,31093
188033,31424
188033,13082
188033,95071
188033,154785
188033,51829
188033,178790
188033,196479
121516,205608
121516,74881
121516,61686
121516,89557
121516,193353
121516,72430
121516,192735
121516,8422
121516,131364
121516,5619
121516,159316
121516,134092
121516,132951
121516,79289
121516,49406
121516,10051
121516,175413
121516,173383
121516,173262
121516,149830
97535,173825
97535,119329
97535,53159
97535,17318
97535,126030
97535,165251
97535,198799
97535,73912
97535,55098
97535,70972
97535,98205
97535,64296
97535,80501
97535,158266
97535,137427
97535,129785
97535,25582
97535,183815
97535,2567
97535,150177
14233,47349
14233,198982
14233,80847
14233,155347
14233,143818
14233,152547
14233,103135
14233,194681
14233,60553
14233,36143
14233,144312
14233,191957
14233,137747
14233,58359
14233,76721
14233,143034
14233,67686
14233,661
14233,187955
14233,45729
151715,95088
151715,67002
151715,100664
151715,18454
151715,152794
151715,180643
151715,191248
151715,162903
151715,93202
151715,189645
151715,91360
151715,15008
151715,139812
151715,22536
151715,67048
151715,16259
151715,19179
151715,148187
151715,47629
151715,191477
826,201680
826,185276
826,148105
826,138635
826,192700
826,131378
826,152122
826,2796
826,171116
826,39434
826,22318
826,32436
826,137329
826,14778
826,138077
826,57834
826,57647
826,96425
826,2590
826,59007
74681,57317
74681,55099
74681,69462
74681,2455
74681,36684
74681,30286
74681,135184
74681,18491
74681,131929
74681,126958
74681,110492
74681,98663
74681,54490
74681,118004
74681,107897
74681,9204
74681,56226
74681,204598
74681,117886
74681,45002
41487,10591
41487,130186
41487,11402
41487,6739
41487,70447
41487,146008
41487,151795
41487,111279
41487,154549
41487,96177
41487,190787
41487,124786
41487,184208
41487,108886
41487,92133
41487,107262
41487,62718
41487,130106
41487,18481
41487,135415
109067,184697
109067,89106
109067,32652
109067,79341
109067,714
109067,149252
109067,171626
109067,148770
109067,104292
109067,175922
109067,122413
109067,25380
109067,141202
109067,46690
109067,113936
109067,110435
109067,50284
109067,22332
109067,139599
109067,40356
10361,16905
10361,40398
10361,24710
10361,61590
10361,113429
10361,21127
10361,15719
10361,46606
10361,40811
10361,46790
10361,201542
10361,51045
10361,78473
10361,189061
10361,54737
10361,44771
10361,130434
10361,92782
10361,134412
10361,41732
148508,203381
148508,67909
148508,198914
148508,97600
148508,107521
148508,46938
148508,106614
148508,201859
148508,105971
148508,87665
148508,175283
148508,198637
148508,32977
148508,151934
148508,146950
148508,160999
148508,84898
148508,167737
148508,140188
148508,31454
128287,100539
128287,146524
128287,179029
128287,82331
128287,178215
128287,179402
128287,73613
128287,72389
128287,65728
128287,121285
128287,166864
128287,144536
128287,61150
128287,35669
128287,203519
128287,41471
128287,201501
128287,61530
128287,108305
128287,27284
68810,170596
68810,186856
68810,74003
68810,83047
68810,160549
68810,175629
68810,183155
68810,142334
68810,67825
68810,78546
165779,167861
165779,202996
165779,90818
165779,39123
165779,159197
165779,124602
165779,64445
165779,178266
165779,45192
165779,3762
165779,112000
165779,150934
165779,85404
165779,139182
165779,189760
165779,18215
165779,48198
165779,148220
165779,174314
165779,68562
32989,23345
32989,28371
32989,38289
32989,25791
32989,27089
32989,51941
32989,167012
32989,75706
32989,35867
32989,128523
32989,31998
32989,128466
32989,55579
32989,171670
32989,193101
32989,25670
32989,48269
32989,73138
32989,200658
32989,123875
73166,19067
73166,129360
73166,13180
73166,174152
73166,191655
73166,82639
73166,148865
73166,64796
73166,165910
73166,39862
73166,58209
73166,203434
73166,153814
73166,63127
73166,130851
73166,102071
73166,48391
73166,151747
73166,142093
73166,74117
165914,121482
165914,26751
165914,32974
165914,119575
165914,188989
165914,77119
165914,198434
165914,57453
165914,91313
165914,7363
165914,180064
165914,172217
165914,159534
165914,49104
165914,4863
165914,174118
165914,203198
165914,83486
165914,150443
165914,107473
128011,52095
128011,122057
128011,15988
128011,74284
128011,142945
128011,137881
128011,38890
128011,164449
128011,81918
128011,61816
128011,126460
128011,155628
128011,6008
128011,33627
128011,158394
128011,84096
128011,18231
128011,126735
128011,109007
128011,98546
170397,90615
170397,118283
170397,163384
170397,44964
170397,70323
170397,139228
170397,119299
170397,136579
170397,83298
170397,156646
170397,14455
27065,37677
27065,14438
27065,140850
27065,142380
27065,75227
27065,105971
27065,86876
27065,64865
27065,33899
27065,6208
27065,102724
27065,141014
27065,136188
27065,93035
27065,27274
27065,26240
27065,66930
27065,173167
27065,119107
27065,83365
44921,108921
44921,87327
44921,136445
44921,58518
44921,151715
44921,145110
44921,108667
44921,39787
44921,105010
44921,106667
44921,148022
44921,181865
44921,134822
44921,10421
44921,96690
44921,140171
44921,133852
44921,153716
44921,46134
44921,115804
193549,38507
193549,31551
193549,79087
193549,200618
193549,112974
193549,156162
193549,60072
193549,117046
193549,136541
193549,140830
193549,155042
193549,125371
193549,122181
193549,128669
193549,74342
193549,173278
193549,142721
193549,143577
193549,24146
193549,21378
142021,129053
142021,43856
142021,77991
142021,12909
142021,18176
142021,116856
142021,113349
142021,166422
142021,107572
142021,180693
142021,202472
142021,33571
142021,100792
142021,191819
142021,28188
142021,46129
142021,149943
142021,21908
142021,117083
142021,82132
91450,139518
91450,169655
91450,1599
91450,191136
91450,20584
91450,130810
91450,107120
91450,143528
91450,176324
91450,82762
91450,156361
91450,60694
24760,170902
24760,82241
24760,8172
24760,33060
24760,106692
24760,177477
24760,32443
24760,10308
24760,8561
24760,76699
24760,30798
24760,162038
24760,205437
24760,50687
24760,65031
24760,79217
24760,119652
24760,1897
24760,184298
24760,126750
48499,56440
48499,71179
48499,130762
48499,64182
48499,53058
48499,161526
48499,135785
48499,153567
48499,99961
48499,90132
48499,6342
48499,40143
48499,122343
48499,87056
48499,86046
48499,43494
48499,169725
48499,87029
48499,174390
48499,138718
134671,192866
134671,183462
134671,102533
134671,83049
134671,66340
134671,122638
134671,193493
134671,20605
134671,1736
134671,201153
134671,18384
134671,161825
134671,184172
134671,79882
134671,104005
134671,85092
134671,155882
134671,133707
134671,102267
134671,73501
1599,95482
1599,27845
1599,107827
1599,63808
1599,47611
1599,82074
1599,186487
1599,124015
1599,44125
1599,18410
1599,78691
1599,101775
1599,61896
1599,183128
1599,135538
1599,173313
1599,194516
1599,93998
1599,86472
1599,161940
163484,154600
163484,205683
163484,125516
163484,136763
163484,189126
163484,168541
163484,111828
163484,73669
163484,117022
163484,137994
163484,9454
163484,40395
163484,15383
163484,86174
163484,42994
163484,162216
163484,145012
163484,58468
163484,9726
163484,32044
124844,107249
124844,147698
124844,23381
124844,159393
124844,152502
124844,79777
124844,135192
124844,55738
124844,72664
124844,102199
124844,121420
124844,66275
124844,158382
124844,10251
124844,163266
124844,176250
124844,172504
124844,82683
124844,47386
124844,190314
17788,198474
17788,76056
17788,82737
17788,93353
17788,119295
17788,182099
17788,45730
17788,90760
17788,29026
17788,52234
17788,53910
17788,111306
17788,192057
17788,28385
17788,152927
17788,102975
17788,87355
17788,45072
17788,64000
17788,105759
122532,121126
122532,148515
122532,64075
122532,135305
122532,166722
122532,131958
122532,1190
122532,113421
122532,56045
122532,204396
122532,187657
122532,50492
122532,9469
122532,113392
122532,171557
122532,164985
122532,73212
122532,49230
122532,154455
122532,163667
175189,77631
175189,76695
175189,197748
175189,88594
175189,31301
175189,35641
175189,174419
175189,185489
175189,1283
175189,51970
175189,2209
175189,23262
175189,143747
175189,42570
175189,152153
175189,189009
175189,166723
175189,109197
175189,200989
175189,50023
20284,132795
20284,196230
20284,93899
20284,42849
20284,28531
20284,168426
20284,96408
20284,115116
20284,70697
20284,180600
20284,136625
20284,164003
188405,166757
188405,170443
188405,182589
188405,60282
188405,167785
188405,108479
188405,108473
188405,77117
188405,150821
188405,166342
188405,198409
188405,133963
188405,30766
188405,9154
188405,120568
188405,152198
188405,140364
188405,81606
188405,110948
188405,51997
139193,57310
139193,82751
139193,13626
139193,69848
139193,15639
139193,161306
139193,10437
139193,101502
139193,88947
139193,70408
139193,76835
139193,29318
139193,39702
139193,39964
139193,125827
139193,144675
139193,136079
139193,59127
139193,17186
139193,185763
121815,84145
121815,3562
121815,134364
121815,89603
121815,108129
121815,73522
121815,10422
121815,169087
121815,182868
121815,71818
121815,199838
121815,24457
121815,73342
121815,134888
121815,187789
121815,134297
121815,84516
121815,163443
121815,51339
121815,48527
60694,177766
60694,23022
60694,115924
60694,125113
60694,34068
60694,173553
60694,196724
60694,157460
60694,35113
60694,100592
60694,75818
60694,114437
60694,185082
60694,59766
60694,191933
60694,32036
60694,157306
60694,123998
60694,4171
60694,162083
203725,64345
203725,133065
203725,104531
203725,148808
203725,159072
203725,125000
203725,101613
203725,200572
203725,46748
203725,165077
203725,191168
203725,30845
203725,34113
203725,3397
203725,109536
203725,79237
203725,1825
203725,138610
203725,108729
203725,107560
174419,94098
174419,21959
174419,182422
174419,53232
174419,192602
174419,21135
174419,112225
174419,198051
174419,104246
174419,170749
174419,199840
174419,32999
174419,45815
174419,178483
174419,149501
174419,46213
174419,197445
174419,49142
174419,133495
174419,49012
75383,186350
75383,34709
75383,84231
75383,198257
75383,103885
75383,80733
75383,41148
75383,82429
75383,79293
75383,84148
75383,57459
75383,128708
75383,134965
75383,21833
75383,192136
75383,194303
75383,15906
75383,34627
75383,71177
75383,43083
58518,180190
58518,62464
58518,14796
58518,82375
58518,112350
58518,132891
58518,79817
58518,52577
58518,4668
58518,52714
58518,197290
58518,85837
58518,132762
58518,90149
58518,58487
58518,31152
58518,56821
58518,132057
58518,89828
58518,99973
108921,183191
108921,142577
108921,168203
108921,186363
108921,199701
108921,178430
108921,143719
108921,174468
108921,96572
108921,49492
108921,162781
108921,17452
108921,132312
108921,170598
108921,67518
108921,142085
108921,136591
108921,25175
108921,13786
108921,165469
103685,179632
103685,123435
103685,75937
103685,199440
103685,86141
103685,5694
103685,150888
103685,8042
103685,103970
103685,169914
103685,168159
103685,153758
103685,116859
103685,94915
103685,90759
103685,204322
103685,182067
103685,70203
103685,162135
103685,92890
107280,45006
107280,14903
107280,53921
107280,77211
107280,9573
107280,129985
107280,165627
107280,143175
107280,113094
107280,173025
107280,86456
107280,116358
107280,98151
107280,163999
10229,198918
10229,106611
10229,101819
10229,42849
10229,87120
10229,204713
10229,94651
10229,94385
10229,33876
10229,41122
10229,99778
2282,122903
2282,161568
2282,6197
2282,14979
2282,195117
2282,25682
2282,112403
2282,34000
2282,90969
2282,80129
2282,127552
2282,68006
2282,1663
2282,87991
2282,107276
2282,115574
2282,203217
2282,153600
2282,61774
2282,65321
46408,71162
46408,147959
46408,192512
46408,28568
46408,124071
46408,26313
46408,173025
46408,162184
46408,193783
46408,55322
46408,152880
46408,94362
46408,80693
46408,84093
46408,118341
46408,75176
46408,96430
132824,190184
132824,67198
132824,180600
132824,86504
132824,39949
132824,2282
132824,85945
132824,76237
132824,43204
132824,191081
132824,60694
140171,162821
140171,171277
140171,31208
140171,26174
140171,161694
140171,89842
140171,43271
140171,90667
140171,156101
140171,68274
140171,39156
140171,559
140171,90209
140171,85954
140171,165524
140171,200026
140171,173953
140171,65229
140171,121710
140171,101009
72142,180600
72142,22837
72142,31130
72142,143802
72142,119339
72142,70697
72142,139711
72142,156045
72142,96408
72142,28531
72142,82167
72142,66194
72142,177496
145110,105733
145110,125922
145110,93373
145110,65683
145110,89995
145110,162530
145110,32159
145110,10713
145110,4916
145110,15390
145110,190022
145110,179520
145110,101424
145110,95895
145110,176588
145110,95062
145110,86169
145110,33020
145110,60535
145110,79959
175858,5510
175858,12170
175858,63730
175858,89083
175858,145766
175858,163351
175858,72986
175858,37856
175858,133288
175858,203229
175858,199627
175858,24663
175858,33195
175858,28309
175858,114143
175858,147252
175858,45175
175858,48998
175858,58023
175858,83466
114558,40268
114558,46107
114558,9955
114558,73667
114558,127621
114558,151156
114558,96442
114558,86545
114558,179287
114558,181231
114558,72743
114558,32836
114558,191677
114558,186220
114558,172535
114558,145369
114558,166735
114558,22259
114558,38005
114558,40002
38175,22360
38175,105734
38175,57099
38175,148914
38175,56045
38175,155765
38175,180600
38175,58687
38175,177278
38175,75756
38175,133114
38175,122532
38175,82856
38175,27050
38175,88426
176324,184769
176324,167777
176324,183221
176324,168140
176324,153731
176324,98636
176324,121865
176324,188059
176324,136921
176324,3483
176324,188093
176324,90389
176324,49021
176324,31748
176324,166622
176324,202689
176324,169149
176324,110206
176324,134293
176324,20574
58687,68089
58687,110858
58687,176571
58687,164377
58687,162528
58687,22544
58687,80242
58687,120411
58687,67719
58687,83224
58687,11641
58687,95550
58687,178341
58687,7800
58687,121744
58687,199325
58687,70031
58687,178505
58687,130369
58687,22268
97750,188952
97750,17056
97750,158945
97750,139349
97750,78658
97750,192149
97750,131730
97750,54735
97750,7170
97750,77778
97750,58063
97750,42510
97750,115460
97750,83543
97750,24317
97750,16271
97750,85013
97750,35246
97750,8128
97750,202459
66403,142343
66403,136894
66403,85487
66403,81590
66403,159126
66403,118375
66403,169890
66403,40296
66403,116641
66403,142268
66403,144303
66403,145222
66403,24785
66403,114640
66403,24018
66403,69271
66403,163643
66403,40296
66403,187227
66403,118197
125813,55813
125813,175364
125813,119282
125813,99567
125813,97742
125813,99312
125813,38077
125813,163461
125813,102900
125813,197512
125813,127974
125813,204672
125813,145048
125813,38077
4288,114693
4288,23461
4288,187636
4288,3279
4288,58438
4288,58050
4288,161742
4288,73805
4288,77173
4288,122653
44912,182897
44912,187114
44912,177501
44912,42849
44912,180333
44912,176270
44912,166294
44912,143802
44912,115867
44912,192698
35648,21437
35648,78730
35648,179449
35648,9223
35648,171884
35648,18626
35648,20892
35648,28531
35648,71162
35648,196106
35648,81741
35648,196106
35648,116837
35648,196782
47719,148988
47719,182264
47719,120046
47719,40786
47719,106793
47719,134776
47719,47658
47719,73144
47719,161706
47719,40538
140458,31812
140458,39285
140458,165969
140458,21922
140458,4700
140458,83480
140458,31506
140458,130234
140458,158786
140458,86802
140458,114027
140458,158073
140458,34681
140458,107585
140458,197831
140458,1302
140458,159854
140458,54049
140458,116671
140458,36011
201233,205687
201233,11239
201233,20759
201233,153618
201233,70185
201233,143254
201233,92588
201233,67926
201233,164848
201233,48083
201233,139508
201233,140638
201233,56942
201233,85334
201233,125821
201233,153003
201233,145510
201233,2958
201233,186747
201233,53229
175851,96687
175851,197325
175851,38139
175851,72993
175851,167224
175851,104827
175851,31942
175851,51894
175851,132785
175851,145840
175851,203067
175851,161301
175851,60160
175851,16842
175851,127250
175851,53793
175851,11454
175851,184463
175851,135489
175851,41803
96496,94794
96496,78646
96496,126166
96496,18719
96496,17955
96496,121085
96496,23238
96496,20424
96496,35638
96496,39251
96496,120911
96496,137418
96496,178407
96496,64562
96496,144347
96496,170220
96496,8104
96496,73570
96496,80150
96496,160815
140538,198324
140538,130043
140538,36296
140538,185325
140538,134951
140538,155264
140538,199895
140538,112476
140538,64918
140538,186912
140538,119637
140538,189872
140538,13558
140538,174346
140538,61402
140538,29503
140538,177654
140538,125258
140538,171061
140538,160457
99330,190010
99330,154506
99330,205585
99330,42901
99330,201322
99330,57432
99330,59638
99330,58732
99330,124301
99330,162617
99330,85420
99330,164368
99330,99951
99330,32349
99330,84794
99330,189928
99330,26656
99330,196869
99330,27660
99330,26978
185398,166124
185398,18673
185398,71495
185398,159553
185398,156173
185398,30905
185398,12226
185398,191779
185398,181196
185398,27255
185398,88881
185398,195965
185398,6006
185398,75024
185398,119307
185398,201951
185398,157304
185398,59051
185398,156637
185398,138887
102850,197473
102850,198981
102850,66388
102850,135088
102850,185398
102850,125598
102850,1591
102850,102894
102850,113917
102850,186569
102850,97404
102850,79780
102850,147767
102850,127341
102850,168664
102850,204737
102850,89378
102850,196600
102850,61015
76120,144874
76120,65243
76120,184614
76120,44329
76120,42682
76120,193930
76120,195535
76120,15295
76120,166515
76120,173573
76120,79286
76120,57505
76120,3563
76120,161336
76120,86884
76120,61683
76120,191943
76120,41855
76120,17805
76120,48485
95026,52676
95026,197551
95026,172034
95026,30538
95026,47532
95026,8715
95026,179360
95026,68061
95026,109181
95026,178398
95026,198321
95026,140574
95026,13267
95026,49729
95026,198124
95026,65249
95026,37340
95026,93735
95026,203539
95026,102504
175380,64586
175380,14929
175380,116525
175380,102082
175380,15968
175380,66105
175380,154561
175380,113311
175380,41940
175380,83462
175380,46910
175380,170294
175380,192084
175380,24827
175380,25861
175380,172048
175380,54548
175380,175736
175380,87286
175380,142984
145334,33587
145334,160861
145334,1578
145334,182061
145334,98510
145334,72150
145334,95349
145334,37673
145334,164205
145334,42767
145334,117533
145334,189548
145334,42310
145334,187548
145334,171750
145334,115841
145334,59489
145334,49061
145334,9682
145334,116648
93888,111738
93888,157410
93888,11562
93888,45484
93888,127262
93888,161086
93888,198073
93888,133532
93888,145784
93888,80042
93888,143690
93888,143581
93888,118164
93888,100904
93888,59700
93888,153704
93888,136826
93888,183725
93888,155766
93888,34970
70598,183348
70598,186140
70598,8055
70598,78374
70598,99901
70598,175380
70598,183693
70598,63877
70598,138023
70598,12709
70598,151241
70598,45041
70598,140458
70598,180298
70598,40359
70598,35321
70598,162206
70598,78460
70598,101759
70598,84447
18944,2085
18944,197473
18944,86
18944,163356
18944,141890
18944,26577
18944,165270
18944,115051
18944,187536
18944,188989
1591,200560
1591,66165
1591,45674
1591,82519
1591,123518
1591,40174
1591,37109
1591,160917
1591,53157
1591,44887
1591,48119
1591,4375
1591,42465
1591,9123
1591,8254
1591,93055
1591,144762
1591,158135
1591,58371
1591,131901
121085,201688
121085,163162
121085,169756
121085,175916
121085,188306
121085,6866
121085,51094
121085,136456
121085,204941
121085,90399
121085,54332
121085,5409
121085,190033
121085,10155
121085,147124
121085,40122
121085,40172
121085,152330
121085,167372
121085,153205
118963,84811
118963,177987
118963,146005
118963,131577
118963,106532
118963,108465
118963,57847
118963,55061
118963,140840
118963,140782
118963,59877
118963,103480
118963,56523
118963,7381
118963,40514
118963,166469
118963,39486
118963,179538
118963,100640
118963,220
145968,86818
145968,122187
145968,50036
145968,123900
145968,125499
145968,166862
145968,148852
145968,191364
145968,66608
145968,103570
145968,205404
145968,27907
145968,14540
145968,95814
145968,200298
145968,8515
145968,95911
145968,71954
145968,165097
145968,116027
195871,174557
195871,123347
195871,201992
195871,153486
195871,38134
195871,98629
195871,185108
195871,177141
195871,57927
195871,151101
195871,197846
195871,176518
195871,3309
195871,67300
195871,165073
195871,39286
195871,148435
195871,35790
195871,9206
195871,54412
205673,193126
205673,99318
205673,62147
205673,74449
205673,155221
205673,3578
205673,78267
205673,167191
205673,44204
205673,91551
205673,171039
205673,11253
205673,46124
205673,77340
205673,16925
205673,17147
205673,122318
205673,58686
205673,3632
205673,188327
92472,182687
92472,74139
92472,150181
92472,74111
92472,192580
92472,13493
92472,25105
92472,150625
92472,143294
92472,34560
92472,124920
92472,159240
92472,19312
92472,2179
92472,173211
92472,148793
92472,107949
92472,42803
92472,76205
92472,132132
97404,33404
97404,115051
97404,171478
97404,129048
97404,102816
97404,102850
97404,147115
97404,145506
97404,54520
97404,156101
97404,178812
115951,25951
115951,63520
115951,80018
115951,104585
115951,108119
115951,189309
115951,17015
115951,150773
115951,105249
115951,111084
115951,46412
115951,144921
115951,150059
115951,106941
115951,38594
115951,141171
115951,108798
115951,190898
115951,203124
115951,189765
173264,6455
173264,154147
173264,188727
173264,1005
173264,138901
173264,86
173264,53927
173264,198601
173264,26279
173264,45869
173264,98792
173264,69293
173264,62239
173264,86763
173264,169803
173264,144030
173264,36987
173264,11718
173264,9011
173264,152416
129,38928
129,46847
129,133475
129,185117
129,127516
129,153943
129,93059
129,155609
129,77075
129,29491
129,141672
129,179840
129,119347
129,193013
129,89021
129,103309
129,201208
129,33036
129,196624
129,168944
141573,59233
141573,87877
141573,107986
141573,37328
141573,115478
141573,58143
141573,147133
141573,128719
141573,105509
141573,191689
141573,22734
141573,81337
141573,138910
141573,144784
141573,173743
141573,35472
141573,52376
141573,16002
141573,26821
141573,127440
141260,125193
141260,167113
141260,47526
141260,15289
141260,136234
141260,139401
141260,32337
141260,103139
141260,133586
141260,200922
141260,124903
141260,89740
141260,142034
141260,157832
141260,43440
141260,201196
141260,55686
141260,61437
141260,105868
141260,101261
105755,134753
105755,94584
105755,190429
105755,8562
105755,13078
105755,187875
105755,71901
105755,197307
105755,183754
105755,36873
105755,9664
105755,6533
105755,79555
105755,47604
105755,81837
105755,94919
105755,54269
105755,168904
105755,13779
105755,135145
109278,31169
109278,7176
109278,113721
109278,131942
109278,201069
109278,132169
109278,92831
109278,144002
109278,34024
109278,152352
109278,137516
109278,136765
109278,176469
109278,9991
109278,40953
109278,197524
109278,147023
109278,23046
109278,124333
109278,47669
34409,151980
34409,123834
34409,41132
34409,81113
34409,20913
34409,77917
34409,37266
34409,54280
34409,38327
34409,40696
34409,7237
34409,66093
34409,111176
34409,185628
34409,72310
34409,97050
34409,152912
34409,114471
34409,1525
34409,127086
178090,145168
178090,169225
178090,110905
178090,150274
178090,103868
178090,137445
178090,163962
178090,21910
178090,25792
178090,142401
178090,54839
178090,103497
178090,178055
178090,130625
178090,112355
178090,106963
178090,125863
178090,26653
178090,147220
178090,175013
48118,96340
48118,137261
48118,921
48118,79303
48118,121523
48118,58975
48118,186615
48118,192934
48118,30145
48118,22144
48118,35774
48118,183847
48118,123778
48118,7186
48118,204332
48118,167327
48118,129245
48118,151404
48118,45244
48118,27009
35443,50257
35443,202501
35443,119625
35443,204043
35443,32335
35443,71807
35443,117064
35443,133234
35443,142946
35443,190211
35443,71259
35443,145641
35443,57351
35443,41248
35443,95726
35443,117475
35443,7105
35443,134660
35443,75128
35443,84256
143026,163141
143026,44559
143026,93229
143026,75230
143026,200725
143026,65891
143026,198193
143026,90326
143026,187873
143026,121529
143026,130449
143026,50334
143026,171371
143026,123694
143026,131875
143026,188638
143026,96210
143026,79947
143026,124545
143026,149308
146261,34761
146261,128093
146261,111232
146261,10682
146261,5534
146261,108248
146261,34578
146261,181071
146261,42428
146261,142697
146261,186280
146261,119396
146261,40468
146261,52753
146261,204471
146261,28847
146261,54050
146261,125307
146261,85871
146261,196792
187536,144544
187536,96162
187536,2224
187536,72916
187536,71601
187536,71146
187536,144611
187536,145334
187536,55204
187536,156728
187536,159354
187536,46313
187536,84118
187536,158588
187536,18944
187536,241
187536,22745
187536,145912
187536,102955
187536,92472
2623,105711
2623,17294
2623,154600
2623,61193
2623,112714
2623,159601
2623,195032
2623,34383
2623,45831
2623,156011
2623,153633
2623,187068
2623,204394
2623,175357
2623,108644
2623,130738
2623,184332
2623,20272
2623,145577
2623,141295
29731,181128
29731,92112
29731,104866
29731,148700
29731,118009
29731,194044
29731,178881
29731,34363
29731,93515
29731,104951
29731,130358
29731,132330
29731,154436
29731,161524
29731,62772
29731,137196
29731,29378
29731,69713
29731,124341
29731,99351
106141,630
106141,59172
106141,190211
106141,115717
106141,20280
106141,166462
106141,134060
106141,190004
106141,191018
106141,107
106141,31300
106141,187240
106141,46540
106141,80495
106141,9533
106141,71628
106141,178720
106141,178939
106141,41303
106141,92935
113917,21346
113917,172824
113917,27805
113917,92276
113917,9021
113917,167651
113917,46014
113917,149963
113917,8542
113917,90133
113917,159165
113917,118309
113917,106029
113917,74724
113917,28478
113917,98050
113917,7167
113917,177365
113917,35415
113917,204219
18719,198844
18719,108652
18719,18714
18719,154418
18719,51116
18719,127897
18719,101412
18719,59570
18719,103886
18719,71351
18719,10546
18719,50520
18719,173356
18719,157475
18719,120659
18719,85547
18719,44026
18719,72027
18719,58195
18719,158794
99248,175636
99248,177865
99248,105159
99248,44602
99248,89180
99248,125338
99248,38793
99248,53135
99248,77787
99248,184842
99248,769
99248,159265
99248,86206
99248,142354
99248,115921
99248,202486
99248,10700
99248,175867
99248,99916
99248,29796
127587,198432
127587,197178
127587,1067
127587,121615
127587,30439
127587,198773
127587,186169
127587,82830
127587,115061
127587,10547
127587,70634
127587,7387
127587,168637
127587,100587
127587,187251
127587,33520
127587,135134
127587,87148
127587,112859
127587,79928
78460,43049
78460,180047
78460,5997
78460,58852
78460,50764
78460,74377
78460,73824
78460,53527
78460,176864
78460,94204
78460,204683
78460,176920
78460,76686
78460,11994
78460,41411
78460,53082
78460,4604
78460,162961
78460,204998
78460,113749
195845,7820
195845,105952
195845,22425
195845,55017
195845,198538
195845,186198
195845,103945
195845,19196
195845,176718
195845,20241
195845,95820
195845,28030
41777,28137
41777,6957
41777,5819
41777,101425
41777,79469
41777,165245
41777,118924
41777,150891
41777,24142
41777,27677
41777,195438
41777,5768
41777,53096
41777,143442
41777,16195
41777,141613
41777,204274
41777,72176
41777,174342
41777,72623
73570,5149
73570,199667
73570,75979
73570,62659
73570,171927
73570,84185
73570,50053
73570,96496
73570,142636
73570,140326
73570,96596
73570,87272
73570,235
73570,84185
73570,83216
73570,96140
73570,200783
73570,145898
73570,136774
73570,42483
7615,199952
7615,61319
7615,115348
7615,123994
7615,107826
7615,66977
7615,145358
7615,20110
7615,80827
7615,34722
7615,85785
7615,62210
7615,75684
7615,113238
7615,92583
7615,72792
7615,200453
7615,51942
7615,117931
7615,57523
91162,7142
91162,107
91162,110823
91162,192291
91162,141810
91162,44572
91162,138901
91162,160814
91162,65609
91162,41936
91162,4816
91162,54183
91162,191826
91162,129554
91162,169237
91162,189913
91162,56207
91162,101482
91162,42135
91162,33798
205320,144486
205320,34689
205320,170606
205320,112675
205320,76826
205320,93118
205320,71659
205320,202723
205320,143748
205320,108442
205320,203154
205320,138889
205320,140063
205320,168636
205320,181863
205320,192883
205320,163839
205320,183376
205320,35775
205320,92947
199490,128532
199490,2781
199490,115845
199490,195986
199490,34918
199490,139445
199490,58651
199490,12001
199490,169733
199490,187190
199490,91305
199490,43726
187702,204211
187702,184750
187702,139571
187702,94795
187702,35048
187702,56176
187702,197970
187702,128772
187702,120785
187702,163768
187702,84762
187702,104673
187702,11356
187702,80641
187702,23135
187702,124714
187702,23452
187702,59456
187702,66528
187702,186231
83942,185798
83942,29412
83942,75644
83942,80117
83942,36918
83942,102432
83942,9102
83942,29751
83942,108044
83942,7659
83942,27641
83942,73101
83942,118754
83942,38468
83942,70973
83942,151350
83942,190296
83942,159130
83942,170370
83942,41055
113708,33548
113708,125389
113708,15647
113708,143203
113708,66020
113708,194277
113708,47301
113708,187023
113708,75590
113708,185025
113708,52808
113708,192819
113708,29452
113708,19975
113708,32355
113708,166083
113708,177516
113708,176102
113708,169750
113708,178312
60481,132340
60481,32041
60481,128685
60481,138632
60481,2112
60481,154666
60481,96532
60481,24999
60481,171912
60481,149526
60481,36372
60481,145566
60481,180714
60481,72233
60481,30265
60481,127955
60481,2316
60481,191859
60481,96831
60481,170307
2391,197177
2391,197473
2391,147115
2391,136467
2391,84351
2391,66576
125598,13346
125598,41967
125598,199406
125598,129426
125598,15374
125598,30927
125598,138428
125598,69781
125598,60305
125598,55034
125598,161950
198242,58310
198242,12325
198242,169696
198242,180600
198242,200450
198242,104741
198242,169013
198242,205162
198242,144251
198242,58438
198242,59561
198242,42309
198242,59055
198242,161543
198242,10714
198242,113263
198242,190728
198242,107505
198242,194193
198242,21243
132608,165243
132608,50751
132608,65674
132608,200033
132608,138230
132608,4132
132608,12966
132608,168755
132608,49904
132608,191615
132608,203206
132608,42692
132608,172635
132608,109318
132608,488
132608,181097
132608,30884
132608,161001
132608,137657
132608,106418
96162,59961
96162,9504
96162,189474
96162,13640
96162,5188
96162,173810
96162,17248
96162,191295
96162,93480
96162,127883
96162,141284
96162,130304
96162,16132
96162,120889
96162,178216
96162,33747
96162,56887
96162,3862
96162,63469
96162,71884
149473,61233
149473,45068
149473,197362
149473,73168
149473,39812
149473,16837
149473,104937
149473,181307
149473,131192
149473,61944
149473,89451
149473,139772
149473,178723
149473,187389
149473,16837
166814,37842
166814,51088
166814,175367
166814,116930
166814,51391
166814,198974
166814,115877
166814,20118
166814,179830
166814,121867
166814,152560
166814,10640
166814,32050
166814,178264
166814,117789
166814,141416
166814,114918
166814,57898
166814,130506
166814,138983
69984,44778
69984,628
69984,66084
69984,24753
69984,8934
69984,63957
69984,120241
69984,189507
69984,1140
69984,131636
69984,142952
69984,67453
69984,109423
69984,88922
69984,33727
69984,10922
69984,105966
69984,56952
69984,136468
69984,18307
121553,178762
121553,119549
121553,63895
121553,175721
121553,84920
121553,27358
121553,63362
121553,62304
121553,10726
121553,67434
121553,100139
121553,185007
121553,83177
121553,180830
121553,125187
121553,180410
121553,95752
121553,196688
121553,71758
121553,128411
7820,86002
7820,164375
7820,1914
7820,80482
7820,48356
7820,1882
7820,125468
7820,108703
7820,58259
7820,28979
7820,146030
7820,136061
7820,184104
7820,132585
7820,166501
7820,176568
7820,113048
7820,156424
7820,14524
7820,170305
45041,186058
45041,45316
45041,66512
45041,170076
45041,193272
45041,2382
45041,156866
45041,120959
45041,168820
45041,76509
45041,126867
45041,100155
45041,133533
45041,199783
45041,184433
45041,92229
45041,205470
45041,117781
45041,184517
45041,87032
109943,170353
109943,22545
109943,173222
109943,191104
109943,143539
109943,87076
109943,137999
109943,105168
109943,67502
109943,133920
109943,1856
109943,143480
109943,118347
109943,140948
109943,45128
109943,143539
109943,98179
109943,137999
109943,197787
109943,77591
62010,101893
62010,90979
62010,160173
62010,139895
62010,133545
62010,135916
62010,33009
62010,133543
62010,99580
62010,54594
62010,89370
62010,16160
62010,160459
62010,202374
62010,118821
62010,123273
62010,119805
62010,110071
62010,160442
62010,107209
54478,49402
54478,106754
54478,192139
54478,7655
54478,127050
54478,180461
54478,49825
54478,169043
54478,201603
54478,74507
54478,46563
54478,47146
54478,107859
54478,35835
54478,4066
54478,66228
54478,60187
54478,56266
54478,96802
54478,8003
183693,73830
183693,154946
183693,19193
183693,7032
183693,158371
183693,201283
183693,114339
183693,48185
183693,190303
183693,59664
183693,87986
183693,165211
183693,6765
183693,65675
183693,133390
183693,183521
183693,156709
183693,202753
183693,43255
183693,12301
155908,205320
155908,112921
155908,149250
155908,187185
155908,81699
155908,195871
155908,195845
155908,149934
155908,7820
155908,90579
155908,129
155908,19310
155908,3634
155908,90586
155908,19371
137418,137846
137418,196471
137418,108439
137418,18626
137418,5904
137418,91747
137418,65667
137418,69793
137418,176150
137418,52640
137418,14700
137418,119354
137418,176788
137418,131794
137418,107331
137418,199880
137418,115972
137418,54000
137418,184142
137418,82588
55204,35977
55204,182597
55204,198204
55204,164439
55204,140944
55204,116443
55204,30606
55204,123613
55204,157846
55204,101430
55204,165975
55204,123174
55204,143492
55204,190748
55204,109463
55204,20664
55204,21112
55204,135871
55204,59552
55204,102459
200194,183208
200194,137874
200194,146261
200194,199369
200194,115951
200194,138505
200194,123746
200194,178090
200194,171161
200194,76284
200194,99213
200194,64931
200194,145971
200194,162252
200194,130218
200194,201233
200194,168654
200194,155835
200194,103105
200194,118963
186041,123613
186041,86998
186041,107721
186041,35839
186041,131774
186041,99127
186041,111653
186041,156923
186041,29115
186041,153519
186041,194325
186041,126247
186041,152682
186041,188513
186041,32801
186041,93807
186041,198218
186041,88041
186041,56057
186041,49989
81728,25712
81728,40810
81728,115243
81728,24468
81728,23935
81728,146321
81728,153636
81728,100042
81728,165269
81728,143619
81728,127330
81728,165275
81728,200048
81728,107368
81728,22214
81728,122717
81728,101593
81728,108138
81728,101837
81728,186340
135088,52635
135088,186219
135088,46369
135088,122242
135088,187229
135088,156033
135088,13522
135088,2976
135088,94069
135088,185934
135088,18645
135088,40657
135088,120246
135088,75649
135088,30584
135088,140399
135088,118064
135088,105605
135088,98530
135088,104407
96147,125656
96147,116032
96147,167814
96147,12467
96147,13261
96147,162188
96147,179275
96147,176343
96147,169456
96147,84910
96147,101396
96147,189647
96147,62085
96147,147506
96147,57794
96147,188824
96147,124803
96147,62863
96147,87297
96147,127562
71146,187702
71146,134331
71146,160310
71146,33569
71146,39494
71146,112167
71146,15798
71146,172429
71146,15883
71146,136463
71146,55338
71146,157691
71146,118657
71146,109156
71146,199494
71146,200392
71146,129135
71146,161936
71146,183045
71146,10065
140243,189647
140243,60167
140243,82605
140243,69079
140243,65491
140243,165454
140243,124275
140243,61134
140243,200899
140243,46985
140243,179417
140243,71286
140243,178033
140243,174825
140243,5917
140243,11047
140243,186294
140243,169508
140243,69919
140243,146823
204462,181219
204462,135931
204462,106642
204462,101737
204462,24303
204462,51472
204462,108908
204462,164692
204462,135840
204462,4250
204462,124713
204462,62536
204462,168129
204462,36624
204462,40291
204462,203410
204462,30537
204462,61689
204462,122927
204462,141140
27875,70496
27875,59138
27875,156436
27875,112763
27875,23690
27875,148072
27875,87386
27875,60904
27875,161286
27875,116504
27875,184792
27875,187027
27875,104781
27875,110563
27875,19692
27875,142182
27875,86265
27875,91396
27875,190796
27875,135479
57140,153271
57140,63787
57140,137355
57140,133928
57140,5352
57140,73523
57140,18280
57140,109146
57140,164001
57140,171036
57140,24643
57140,19383
57140,143334
57140,152670
57140,67847
57140,185122
57140,110973
57140,153045
57140,37163
57140,58137
204737,20073
204737,62789
204737,178420
204737,164495
204737,146838
204737,159189
204737,159773
204737,166305
204737,196801
204737,104000
204737,98588
204737,127111
204737,83416
204737,43181
204737,50649
204737,19819
204737,107706
204737,115521
204737,41230
204737,78328
80150,156366
80150,38018
80150,114961
80150,51661
80150,200805
80150,163068
80150,60614
80150,20627
80150,146436
80150,45316
80150,57297
186140,200400
186140,99081
186140,169228
186140,4055
186140,92819
186140,159735
186140,142415
186140,58111
186140,150789
186140,90540
186140,87413
186140,24804
186140,142326
186140,101745
186140,146583
186140,5119
186140,71436
186140,69690
186140,205729
186140,135004
149934,158268
149934,114519
149934,181920
149934,108568
149934,177141
149934,195871
149934,65923
149934,71796
149934,26958
149934,50455
149934,35125
149934,155376
149934,179297
149934,64641
149934,107404
149934,118085
149934,15406
149934,64597
149934,68587
149934,55052
147434,26279
147434,183462
147434,60403
147434,203222
147434,151955
147434,26577
147434,25301
147434,105010
147434,5277
147434,72115
147434,91305
147434,120825
147434,161772
147434,51950
147434,43726
147434,203540
147434,137042
156809,129668
156809,14903
156809,50972
156809,6845
156809,6644
156809,150329
156809,151471
156809,76089
156809,150257
156809,93365
156809,138421
156809,115496
156809,73344
156809,78611
156809,107929
156809,177041
156809,101067
156809,32254
156809,132313
156809,105691
46313,157271
46313,154706
46313,61062
46313,81864
46313,62705
46313,87099
46313,137610
46313,44382
46313,91432
46313,92489
46313,23749
46313,177538
46313,81914
46313,29539
46313,90367
46313,145475
46313,81310
46313,60765
46313,22919
46313,35894
16303,149046
16303,120212
16303,74371
16303,174027
16303,159649
16303,172245
16303,53803
16303,126520
16303,126076
16303,77033
16303,177028
16303,144081
16303,65295
16303,38341
16303,178283
16303,132758
16303,107617
16303,166118
16303,188494
16303,79864
40091,150193
40091,197306
40091,103525
40091,113202
40091,134711
40091,95713
40091,112462
40091,47525
40091,15553
40091,150106
40091,57305
40091,49428
40091,145237
40091,26489
40091,141809
40091,190942
40091,48785
40091,171020
40091,112006
40091,46963
187185,52111
187185,54341
187185,161214
187185,195871
187185,126579
187185,161450
187185,33379
187185,16348
187185,139783
187185,122014
187185,9683
187185,51998
187185,50365
187185,11971
80185,190894
80185,179808
80185,60221
80185,73853
80185,20973
80185,69135
80185,120936
80185,101313
80185,87054
80185,46215
80185,103821
80185,187254
80185,154155
80185,168207
80185,156169
80185,131076
80185,151259
80185,36905
80185,105497
80185,45996
196143,166466
196143,152539
196143,63768
196143,142450
196143,152091
196143,63374
196143,69420
196143,34160
196143,159902
196143,45346
196143,92650
196143,181551
196143,147038
196143,85104
196143,74750
196143,14486
196143,191706
196143,73592
196143,72428
196143,72270
64931,131217
64931,170346
64931,117472
64931,118580
64931,95421
64931,119882
64931,3213
64931,19697
64931,182911
64931,152146
64931,124501
64931,127534
64931,20805
64931,150194
64931,204019
64931,149670
64931,2864
64931,10019
64931,93226
64931,95345
71601,9046
71601,84728
71601,177807
71601,177963
71601,124249
71601,183462
71601,29915
71601,164514
71601,12709
71601,204564
71601,174974
71601,17772
71601,184474
71601,69221
71601,134044
71601,97582
71601,72573
71601,99801
71601,15407
71601,71379
185790,93816
185790,197473
185790,120912
185790,6373
185790,44150
185790,163423
185790,147301
185790,193477
185790,160641
185790,196300
185790,197569
185790,164374
185790,189842
185790,166886
185790,84301
185790,46578
185790,74373
185790,63166
185790,49120
185790,149052
42219,202321
42219,153807
42219,135735
42219,182392
42219,13241
42219,111945
42219,63182
42219,152721
42219,122575
42219,19568
42219,204137
42219,155961
42219,188985
42219,10273
42219,143085
42219,95360
42219,108045
42219,187777
42219,177493
42219,198751
39812,132043
39812,57746
39812,24782
39812,109278
39812,166220
39812,200209
39812,199508
39812,54478
39812,82715
39812,196143
39812,193319
39812,19778
39812,149473
39812,30079
39812,167286
39812,27889
39812,150928
39812,101213
39812,35443
39812,115649
84490,200444
84490,130815
84490,178986
84490,126005
84490,56205
84490,67809
84490,89729
84490,73715
84490,161043
84490,195065
84490,60770
84490,43551
84490,164850
84490,40315
84490,112575
84490,33892
84490,59338
84490,177310
84490,127850
84490,70779
137874,167221
137874,54528
137874,85358
137874,164491
137874,139440
137874,161782
137874,49941
137874,25162
137874,37375
137874,48435
137874,168764
137874,164703
137874,119752
137874,21090
137874,80267
137874,163176
137874,86061
137874,46523
99213,168808
99213,11685
99213,59330
99213,110288
99213,130068
99213,109500
99213,187188
99213,184150
99213,204813
99213,130442
99213,200368
99213,132772
99213,105008
99213,200654
99213,196050
99213,82926
99213,88429
99213,190228
99213,130649
99213,141083
170655,129233
170655,204702
170655,67004
170655,66388
170655,131552
170655,62484
170655,107910
170655,124819
170655,203046
170655,94883
170655,198581
170655,24849
170655,26253
170655,136316
170655,60598
170655,98817
170655,171389
170655,195650
170655,83083
170655,189413
25062,123977
25062,42899
25062,127019
25062,96409
25062,81726
25062,2711
25062,199643
25062,171047
25062,87800
25062,71287
25062,49309
25062,183722
25062,89764
25062,101402
25062,59111
25062,127857
25062,75878
25062,102366
25062,200336
25062,106303
186569,159208
186569,24781
186569,56638
186569,25424
186569,9578
186569,121435
186569,41313
186569,100557
186569,132427
186569,57421
186569,190949
186569,169026
186569,3228
186569,161199
186569,146081
186569,37171
186569,39008
186569,195971
186569,69386
186569,87315
74410,109874
74410,43240
74410,138691
74410,119170
74410,175584
74410,59827
74410,51542
74410,16100
74410,104747
74410,53032
74410,25001
74410,59564
74410,27139
74410,94693
74410,79090
74410,172082
74410,24199
74410,129807
74410,159511
74410,144085
2965,11699
2965,24071
2965,119911
2965,42969
2965,137621
2965,114601
2965,127238
2965,73694
2965,176938
2965,180074
2965,59675
2965,48161
2965,51139
2965,124597
2965,150139
2965,63000
2965,85589
2965,163181
2965,59889
2965,139697
150928,49575
150928,145089
150928,177778
150928,176341
150928,167986
150928,44081
150928,161159
150928,191469
150928,53171
150928,11620
150928,144545
150928,156184
150928,54862
150928,49913
150928,186349
150928,174009
150928,190569
150928,48657
150928,48778
150928,166700
180298,54969
180298,147091
180298,40067
180298,49343
180298,68162
180298,134568
180298,170372
180298,181351
180298,96330
180298,34154
180298,145143
180298,17085
180298,68582
180298,46079
180298,204628
180298,67668
180298,41288
180298,68162
180298,155186
180298,203144
35321,122653
35321,158778
35321,174750
35321,79466
35321,102921
35321,110868
35321,39708
35321,126031
35321,141502
35321,115555
35321,95348
35321,167354
35321,160067
35321,20831
35321,136131
35321,192901
35321,105674
35321,68203
35321,108989
35321,205137
72916,34604
72916,78909
72916,152078
72916,148854
72916,40340
72916,35626
72916,182185
72916,49403
72916,175831
72916,41798
72916,126001
72916,32922
72916,42768
72916,56403
72916,93091
72916,106246
72916,155476
72916,158267
72916,59856
72916,106199
159354,55683
159354,47112
159354,183072
159354,21121
159354,178285
159354,1148
159354,137534
159354,203430
159354,131419
159354,134691
159354,135831
159354,77176
159354,199912
159354,143356
159354,11326
159354,151411
159354,85449
159354,36000
159354,123691
159354,48928
45068,16303
45068,203233
45068,99248
45068,118939
45068,83942
45068,185790
45068,80185
45068,32479
45068,121312
45068,69984
45068,116229
45068,118515
45068,68484
45068,170655
45068,127587
45068,113708
45068,97783
45068,131489
45068,102613
45068,14741
147767,170900
